81 103	81 164
82 104	82 165
83 106	83 167
84 107	84 167
85 108	85 168
87 109	87 169
88 111	88 171
89 112	89 171
90 113	90 172
91 115	91 174
92 116	92 174
93 117	93 175
94 118	94 176
95 120	95 177
96 121	96 178
97 122	97 179
98 123	98 179
99 125	99 181
100 126	100 182
101 127	101 182
102 128	102 183
103 130	103 185
104 131	104 185
105 132	105 186
106 134	106 188
107 135	107 188
108 136	108 189
109 137	109 190
110 139	110 192
111 140	111 192
112 141	112 193
113 142	113 194
114 144	114 195
115 145	115 196
116 146	116 197
117 147	117 197
118 149	118 199
119 150	119 200
120 151	120 200
121 153	121 202
122 154	122 203
123 155	123 203
124 156	124 204
125 158	125 206
126 159	126 206
127 160	127 207
128 161	128 208
130 163	130 210
131 164	131 210
132 165	132 211
133 166	133 212
134 168	134 213
135 169	135 214
136 170	136 215
137 172	137 216
138 173	138 217
139 174	139 218
140 175	140 218
141 177	141 220
142 178	142 221
143 179	143 221
144 180	144 222
145 182	145 224
146 183	146 224
147 184	147 225
148 185	148 226
149 187	149 228
150 188	150 228
151 189	151 229
152 191	152 231
153 192	153 231
154 193	154 232
155 194	155 233
156 196	156 234
157 197	157 235
158 198	158 236
159 199	159 236
160 201	160 238
161 202	161 239
162 203	162 240
163 204	163 240
164 206	164 242
165 207	165 243
166 208	166 243
167 210	167 245
168 211	168 246
169 212	169 246
170 213	170 247
171 215	171 249
173 216	173 249
174 217	174 250
175 218	175 251
176 220	176 252
177 221	177 253
178 222	178 254
179 223	179 255
180 225	180 256
181 226	181 257
182 227	182 258
183 229	183 259
184 230	184 260
185 231	185 261
186 232	186 261
187 234	187 263
188 235	188 264
189 236	189 264
190 237	190 265
191 239	191 267
192 240	192 268
193 241	193 268
194 242	194 269
195 244	195 271
196 245	196 271
197 246	197 272
198 248	198 274
199 249	199 274
200 250	200 275
201 251	201 276
202 253	202 277
203 254	203 278
204 255	204 279
205 256	205 280
206 258	206 281
207 259	207 282
208 260	208 283
209 261	209 283
210 263	210 285
211 264	211 286
212 265	212 286
213 267	213 288
214 268	214 289
216 269	216 289
217 270	217 290
218 272	218 292
219 273	219 293
220 274	220 293
221 275	221 294
222 277	222 296
223 278	223 296
224 279	224 297
225 280	225 298
226 282	226 299
227 283	227 300
228 284	228 301
229 285	229 301
230 287	230 303
231 288	231 304
232 289	232 305
233 291	233 306
234 292	234 307
235 293	235 308
236 294	236 308
237 296	237 310
238 297	238 311
239 298	239 311
240 299	240 312
241 301	241 314
242 302	242 315
243 303	243 315
244 304	244 316
245 306	245 318
246 307	246 318
247 308	247 319
248 310	248 321
249 311	249 321
250 312	250 322
251 313	251 323
252 315	252 325
253 316	253 325
254 317	254 326
255 318	255 327
256 320	256 328
257 321	257 329
259 322	259 330
260 323	260 330
261 325	261 332
262 326	262 333
263 327	263 333
264 329	264 335
265 330	265 336
266 331	266 337
267 332	267 337
268 334	268 339
269 335	269 340
270 336	270 340
271 337	271 341
272 339	272 343
273 340	273 343
274 341	274 344
275 342	275 345
276 344	276 347
277 345	277 347
278 346	278 348
279 347	279 349
280 349	280 350
281 350	281 351
282 351	282 352
283 353	283 353
284 354	284 354
285 355	285 355
286 356	286 356
287 358	287 358
288 359	288 359
289 360	289 360
290 361	290 360
291 363	291 362
292 364	292 363
293 365	293 363
294 366	294 364
295 368	295 366
296 369	296 367
297 370	297 367
298 371	298 368
299 373	299 370
300 374	300 370
302 375	302 371
303 377	303 373
304 378	304 374
305 379	305 374
306 380	306 375
307 382	307 377
308 383	308 377
309 384	309 378
310 385	310 379
311 387	311 380
312 388	312 381
313 389	313 382
314 390	314 383
315 392	315 384
316 393	316 385
317 394	317 386
318 396	318 387
319 397	319 388
320 398	320 389
321 399	321 389
322 401	322 391
323 402	323 392
324 403	324 393
325 404	325 393
326 406	326 395
327 407	327 396
328 408	328 396
329 409	329 397
330 411	330 399
331 412	331 400
332 413	332 400
333 414	333 401
334 416	334 403
335 417	335 403
336 418	336 404
337 420	337 406
338 421	338 406
339 422	339 407
340 423	340 408
341 425	341 410
342 426	342 410
343 427	343 411
345 428	345 412
346 430	346 413
347 431	347 414
348 432	348 415
349 433	349 416
350 435	350 417
351 436	351 418
352 437	352 419
353 438	353 419
354 440	354 421
355 441	355 422
356 442	356 423
357 444	357 424
358 445	358 425
359 446	359 426
360 447	360 426
361 449	361 428
362 450	362 429
363 451	363 429
364 452	364 430
365 454	365 432
366 455	366 433
367 456	367 433
368 457	368 434
369 459	369 436
370 460	370 436
371 461	371 437
372 462	372 438
373 464	373 440
374 465	374 440
375 466	375 441
376 468	376 443
377 469	377 443
378 470	378 444
379 471	379 445
380 473	380 447
381 474	381 447
382 475	382 448
383 476	383 449
384 478	384 450
385 479	385 451
386 480	386 452
388 481	388 453
389 483	389 454
390 484	390 455
391 485	391 456
392 486	392 456
393 488	393 458
394 489	394 459
395 490	395 459
396 492	396 461
397 493	397 462
398 494	398 463
399 495	399 463
400 497	400 465
401 498	401 466
402 499	402 466
403 500	403 467
404 502	404 469
405 503	405 470
406 504	406 470
407 505	407 471
408 507	408 473
409 508	409 473
410 509	410 474
411 510	411 475
412 512	412 477
413 513	413 477
414 514	414 478
415 515	415 479
416 517	416 480
417 518	417 481
418 519	418 482
419 521	419 484
420 522	420 484
421 523	421 485
422 524	422 486
423 526	423 487
424 527	424 488
425 528	425 489
426 529	426 490
427 531	427 491
428 532	428 492
429 533	429 493
430 534	430 493
432 536	432 495
433 537	433 496
434 538	434 497
435 539	435 497
436 541	436 499
437 542	437 500
438 543	438 500
439 544	439 501
440 546	440 503
441 547	441 504
442 548	442 504
443 550	443 506
444 551	444 507
445 552	445 508
446 553	446 508
447 555	447 510
448 556	448 511
449 557	449 511
450 558	450 512
451 560	451 514
452 561	452 515
453 562	453 515
454 563	454 516
455 565	455 518
456 566	456 518
457 567	457 519
458 568	458 520
459 570	459 522
460 571	460 522
461 572	461 523
462 573	462 524
463 575	463 525
464 576	464 526
465 577	465 527
466 579	466 529
467 580	467 529
468 581	468 530
469 582	469 531
470 584	470 532
471 585	471 533
472 586	472 534
473 587	473 535
475 589	475 536
476 590	476 537
477 591	477 538
478 592	478 539
479 594	479 540
480 595	480 541
481 596	481 542
482 597	482 542
483 599	483 544
484 600	484 545
485 601	485 546
486 602	486 546
487 604	487 548
488 605	488 549
489 606	489 549
490 607	490 550
491 609	491 552
492 610	492 553
493 611	493 553
494 613	494 555
495 614	495 556
496 615	496 556
497 616	497 557
498 618	498 559
499 619	499 560
500 620	500 560
501 621	501 561
502 623	502 563
503 624	503 564
504 625	504 564
505 626	505 565
506 628	506 567
507 629	507 567
508 630	508 568
509 631	509 569
510 633	510 571
511 634	511 571
512 635	512 572
513 636	513 573
514 638	514 575
515 639	515 575
516 640	516 576
518 641	518 577
519 643	519 578
520 644	520 579
521 645	521 580
522 647	522 582
523 648	523 582
524 649	524 583
525 650	525 584
526 652	526 585
527 653	527 586
528 654	528 587
529 655	529 588
530 657	530 589
531 658	531 590
532 659	532 591
533 660	533 592
534 662	534 593
535 663	535 594
536 664	536 595
537 665	537 595
538 667	538 597
539 668	539 598
540 669	540 599
541 670	541 599
542 672	542 601
543 673	543 602
544 674	544 603
545 675	545 603
546 677	546 605
547 678	547 606
548 679	548 606
549 680	549 607
550 682	550 609
551 683	551 610
552 684	552 610
553 686	553 612
554 687	554 613
555 688	555 614
556 689	556 614
557 691	557 616
558 692	558 617
559 693	559 617
561 694	561 618
562 696	562 620
563 697	563 621
564 698	564 621
565 699	565 622
566 701	566 624
567 702	567 625
568 703	568 625
569 704	569 626
570 706	570 628
571 707	571 629
572 708	572 629
573 709	573 630
574 711	574 632
575 712	575 632
576 713	576 633
577 714	577 634
578 716	578 636
579 717	579 636
580 718	580 637
581 719	581 638
582 721	582 640
583 722	583 640
584 723	584 641
585 724	585 642
586 726	586 643
587 727	587 644
588 728	588 645
589 730	589 647
590 731	590 647
591 732	591 648
592 733	592 649
593 735	593 651
594 736	594 651
595 737	595 652
596 738	596 653
597 740	597 655
598 741	598 655
599 742	599 656
600 743	600 657
601 745	601 658
602 746	602 659
604 747	604 660
605 748	605 661
606 750	606 662
607 751	607 663
608 752	608 664
609 753	609 665
610 755	610 666
611 756	611 667
612 757	612 668
613 758	613 669
614 760	614 670
615 761	615 671
616 762	616 672
617 763	617 672
618 765	618 674
619 766	619 675
620 767	620 676
621 768	621 676
622 770	622 678
623 771	623 679
624 772	624 680
625 773	625 680
626 775	626 682
627 776	627 683
628 777	628 684
629 778	629 684
630 780	630 686
631 781	631 687
632 782	632 688
633 783	633 688
634 785	634 690
635 786	635 691
636 787	636 691
637 788	637 692
638 790	638 694
639 791	639 695
640 792	640 695
641 794	641 697
642 795	642 698
643 796	643 699
644 797	644 699
645 799	645 701
647 800	647 702
648 801	648 703
649 802	649 703
650 804	650 705
651 805	651 706
652 806	652 707
653 807	653 707
654 809	654 709
655 810	655 710
656 811	656 710
657 812	657 711
658 814	658 713
659 815	659 714
660 816	660 714
661 817	661 715
662 819	662 717
663 820	663 718
664 821	664 718
665 822	665 719
666 824	666 721
667 825	667 722
668 826	668 722
669 827	669 723
670 829	670 725
671 830	671 726
672 831	672 726
673 832	673 727
674 834	674 729
675 835	675 730
676 836	676 730
677 837	677 731
678 839	678 733
679 840	679 733
680 841	680 734
681 842	681 735
682 844	682 737
683 845	683 737
684 846	684 738
685 847	685 739
686 849	686 741
687 850	687 741
688 851	688 742
690 852	690 743
691 854	691 745
692 855	692 745
693 856	693 746
694 857	694 747
695 859	695 749
696 860	696 749
697 861	697 750
698 862	698 751
699 864	699 753
700 865	700 753
701 866	701 754
702 867	702 755
703 869	703 757
704 870	704 757
705 871	705 758
706 872	706 759
707 874	707 761
708 875	708 761
709 876	709 762
710 877	710 763
711 879	711 765
712 880	712 765
713 881	713 766
714 882	714 767
715 884	715 768
716 885	716 769
717 886	717 770
718 887	718 771
719 889	719 772
720 890	720 773
721 891	721 774
722 892	722 775
723 894	723 776
724 895	724 777
725 896	725 778
726 897	726 779
727 899	727 780
728 900	728 781
729 901	729 782
730 902	730 783
731 904	731 784
733 905	733 785
734 906	734 786
735 907	735 787
736 909	736 788
737 910	737 789
738 911	738 790
739 912	739 791
740 914	740 792
741 915	741 793
742 916	742 794
743 917	743 795
744 919	744 796
745 920	745 797
746 921	746 798
747 922	747 799
748 924	748 800
749 925	749 801
750 926	750 802
751 927	751 803
752 929	752 804
753 930	753 805
754 931	754 806
755 932	755 807
756 934	756 808
757 935	757 809
758 936	758 810
759 937	759 811
760 939	760 812
761 940	761 813
762 941	762 814
763 942	763 815
764 944	764 816
765 945	765 817
766 946	766 818
767 947	767 819
768 949	768 820
769 950	769 821
770 951	770 822
771 952	771 823
772 954	772 824
773 955	773 825
774 956	774 826
776 957	776 827
777 959	777 828
778 960	778 829
779 961	779 830
780 962	780 831
781 964	781 832
782 965	782 833
783 966	783 834
784 967	784 835
785 969	785 836
786 970	786 837
787 971	787 838
788 972	788 839
789 974	789 840
790 975	790 841
791 976	791 842
792 977	792 843
793 979	793 844
794 980	794 845
795 981	795 846
796 982	796 847
797 984	797 848
798 985	798 849
799 986	799 850
800 987	800 851
801 989	801 852
802 990	802 853
803 991	803 854
804 992	804 855
805 994	805 856
806 995	806 857
807 996	807 858
808 997	808 859
809 999	809 860
810 1000	810 861
811 1001	811 862
812 1002	812 863
813 1004	813 864
814 1005	814 865
815 1006	815 866
816 1007	816 867
817 1009	817 868
818 1010	818 869
820 1011	820 870
821 1012	821 871
822 1014	822 872
823 1015	823 873
824 1016	824 874
825 1017	825 875
826 1018	826 876
827 1020	827 877
828 1021	828 878
829 1022	829 879
830 1023	830 880
831 1025	831 881
832 1026	832 882
833 1027	833 883
834 1028	834 884
835 1030	835 885
836 1031	836 886
837 1032	837 887
838 1033	838 888
839 1035	839 889
840 1036	840 890
841 1037	841 891
842 1038	842 892
843 1040	843 893
844 1041	844 894
845 1042	845 895
846 1043	846 896
847 1045	847 897
848 1046	848 898
849 1047	849 899
850 1048	850 900
851 1050	851 901
852 1051	852 902
853 1052	853 903
854 1053	854 904
855 1055	855 905
856 1056	856 906
857 1057	857 907
858 1058	858 908
859 1060	859 910
860 1061	860 910
861 1062	861 911
863 1063	863 912
864 1065	864 914
865 1066	865 914
866 1067	866 915
867 1068	867 916
868 1070	868 918
869 1071	869 918
870 1072	870 919
871 1073	871 920
872 1074	872 921
873 1076	873 922
874 1077	874 923
875 1078	875 924
876 1079	876 925
877 1081	877 926
878 1082	878 927
879 1083	879 928
880 1084	880 929
881 1086	881 930
882 1087	882 931
883 1088	883 932
884 1089	884 933
885 1091	885 935
886 1092	886 935
887 1093	887 936
888 1094	888 937
889 1096	889 939
890 1097	890 939
891 1098	891 940
892 1099	892 941
893 1101	893 943
894 1102	894 943
895 1103	895 944
896 1104	896 945
897 1106	897 947
898 1107	898 947
899 1108	899 948
900 1109	900 949
901 1111	901 951
902 1112	902 951
903 1113	903 952
904 1114	904 953
906 1115	906 954
907 1117	907 956
908 1118	908 956
909 1119	909 957
910 1120	910 958
911 1122	911 960
912 1123	912 960
913 1124	913 961
914 1125	914 962
915 1127	915 964
916 1128	916 964
917 1129	917 965
918 1130	918 966
919 1132	919 968
920 1133	920 968
921 1134	921 969
922 1135	922 970
923 1137	923 972
924 1138	924 973
925 1139	925 973
926 1140	926 974
927 1142	927 976
928 1143	928 977
929 1144	929 977
930 1145	930 978
931 1146	931 979
932 1148	932 981
933 1149	933 981
934 1150	934 982
935 1151	935 983
936 1153	936 985
937 1154	937 986
938 1155	938 986
939 1156	939 987
940 1158	940 989
941 1159	941 990
942 1160	942 990
943 1161	943 991
944 1163	944 993
945 1164	945 994
946 1165	946 994
947 1166	947 995
949 1168	949 997
950 1169	950 998
951 1170	951 998
952 1171	952 999
953 1172	953 1000
954 1174	954 1002
955 1175	955 1003
956 1176	956 1003
957 1177	957 1004
958 1179	958 1006
959 1180	959 1007
960 1181	960 1007
961 1182	961 1008
962 1184	962 1010
963 1185	963 1011
964 1186	964 1011
965 1187	965 1012
966 1189	966 1014
967 1190	967 1015
968 1191	968 1016
969 1192	969 1016
970 1194	970 1018
971 1195	971 1019
972 1196	972 1020
973 1197	973 1020
974 1198	974 1021
975 1200	975 1023
976 1201	976 1024
977 1202	977 1025
978 1203	978 1025
979 1205	979 1027
980 1206	980 1028
981 1207	981 1029
982 1208	982 1029
983 1210	983 1031
984 1211	984 1032
985 1212	985 1033
986 1213	986 1033
987 1215	987 1035
988 1216	988 1036
989 1217	989 1037
990 1218	990 1038
992 1220	992 1039
993 1221	993 1040
994 1222	994 1041
995 1223	995 1042
996 1224	996 1042
997 1226	997 1044
998 1227	998 1045
999 1228	999 1046
1000 1229	1000 1047
1001 1231	1001 1048
1002 1232	1002 1049
1003 1233	1003 1050
1004 1234	1004 1051
1005 1236	1005 1052
1006 1237	1006 1053
1007 1238	1007 1054
1008 1239	1008 1055
1009 1241	1009 1056
1010 1242	1010 1057
1011 1243	1011 1058
1012 1244	1012 1059
1013 1245	1013 1060
1014 1247	1014 1061
1015 1248	1015 1062
1016 1249	1016 1063
1017 1250	1017 1064
1018 1252	1018 1065
1019 1253	1019 1066
1020 1254	1020 1067
1021 1255	1021 1068
1022 1257	1022 1070
1023 1258	1023 1070
1024 1259	1024 1071
1025 1260	1025 1072
1026 1262	1026 1074
1027 1263	1027 1074
1028 1264	1028 1075
1029 1265	1029 1076
1030 1266	1030 1077
1031 1268	1031 1079
1032 1269	1032 1079
1033 1270	1033 1080
1035 1271	1035 1081
1036 1273	1036 1083
1037 1274	1037 1083
1038 1275	1038 1084
1039 1276	1039 1085
1040 1278	1040 1087
1041 1279	1041 1088
1042 1280	1042 1088
1043 1281	1043 1089
1044 1282	1044 1090
1045 1284	1045 1092
1046 1285	1046 1092
1047 1286	1047 1093
1048 1287	1048 1094
1049 1289	1049 1096
1050 1290	1050 1097
1051 1291	1051 1097
1052 1292	1052 1098
1053 1294	1053 1100
1054 1295	1054 1101
1055 1296	1055 1101
1056 1297	1056 1102
1057 1298	1057 1103
1058 1300	1058 1105
1059 1301	1059 1106
1060 1302	1060 1106
1061 1303	1061 1107
1062 1305	1062 1109
1063 1306	1063 1110
1064 1307	1064 1110
1065 1308	1065 1111
1066 1310	1066 1113
1067 1311	1067 1114
1068 1312	1068 1115
1069 1313	1069 1115
1070 1315	1070 1117
1071 1316	1071 1118
1072 1317	1072 1119
1073 1318	1073 1119
1074 1319	1074 1120
1075 1321	1075 1122
1076 1322	1076 1123
1078 1323	1078 1124
1079 1324	1079 1124
1080 1326	1080 1126
1081 1327	1081 1127
1082 1328	1082 1128
1083 1329	1083 1128
1084 1331	1084 1130
1085 1332	1085 1131
1086 1333	1086 1132
1087 1334	1087 1133
1088 1335	1088 1133
1089 1337	1089 1135
1090 1338	1090 1136
1091 1339	1091 1137
1092 1340	1092 1138
1093 1342	1093 1139
1094 1343	1094 1140
1095 1344	1095 1141
1096 1345	1096 1142
1097 1346	1097 1142
1098 1348	1098 1144
1099 1349	1099 1145
1100 1350	1100 1146
1101 1351	1101 1147
1102 1353	1102 1148
1103 1354	1103 1149
1104 1355	1104 1150
1105 1356	1105 1151
1106 1358	1106 1153
1107 1359	1107 1153
1108 1360	1108 1154
1109 1361	1109 1155
1110 1362	1110 1156
1111 1364	1111 1157
1112 1365	1112 1158
1113 1366	1113 1159
1114 1367	1114 1160
1115 1369	1115 1162
1116 1370	1116 1162
1117 1371	1117 1163
1118 1372	1118 1164
1119 1374	1119 1166
1121 1375	1121 1166
1122 1376	1122 1167
1123 1377	1123 1168
1124 1378	1124 1169
1125 1380	1125 1171
1126 1381	1126 1171
1127 1382	1127 1172
1128 1383	1128 1173
1129 1385	1129 1175
1130 1386	1130 1176
1131 1387	1131 1176
1132 1388	1132 1177
1133 1389	1133 1178
1134 1391	1134 1180
1135 1392	1135 1181
1136 1393	1136 1181
1137 1394	1137 1182
1138 1396	1138 1184
1139 1397	1139 1185
1140 1398	1140 1185
1141 1399	1141 1186
1142 1401	1142 1188
1143 1402	1143 1189
1144 1403	1144 1190
1145 1404	1145 1190
1146 1405	1146 1191
1147 1407	1147 1193
1148 1408	1148 1194
1149 1409	1149 1195
1150 1410	1150 1195
1151 1412	1151 1197
1152 1413	1152 1198
1153 1414	1153 1199
1154 1415	1154 1199
1155 1416	1155 1200
1156 1418	1156 1202
1157 1419	1157 1203
1158 1420	1158 1204
1159 1421	1159 1204
1160 1423	1160 1206
1161 1424	1161 1207
1162 1425	1162 1208
1164 1426	1164 1209
1165 1427	1165 1209
1166 1429	1166 1211
1167 1430	1167 1212
1168 1431	1168 1213
1169 1432	1169 1214
1170 1434	1170 1215
1171 1435	1171 1216
1172 1436	1172 1217
1173 1437	1173 1218
1174 1439	1174 1219
1175 1440	1175 1220
1176 1441	1176 1221
1177 1442	1177 1222
1178 1443	1178 1223
1179 1445	1179 1224
1180 1446	1180 1225
1181 1447	1181 1226
1182 1448	1182 1227
1183 1450	1183 1229
1184 1451	1184 1229
1185 1452	1185 1230
1186 1453	1186 1231
1187 1454	1187 1232
1188 1456	1188 1234
1189 1457	1189 1234
1190 1458	1190 1235
1191 1459	1191 1236
1192 1461	1192 1238
1193 1462	1193 1239
1194 1463	1194 1239
1195 1464	1195 1240
1196 1465	1196 1241
1197 1467	1197 1243
1198 1468	1198 1244
1199 1469	1199 1244
1200 1470	1200 1245
1201 1472	1201 1247
1202 1473	1202 1248
1203 1474	1203 1248
1204 1475	1204 1249
1205 1476	1205 1250
1207 1478	1207 1252
1208 1479	1208 1253
1209 1480	1209 1253
1210 1481	1210 1254
1211 1483	1211 1256
1212 1484	1212 1257
1213 1485	1213 1258
1214 1486	1214 1258
1215 1487	1215 1259
1216 1489	1216 1261
1217 1490	1217 1262
1218 1491	1218 1263
1219 1492	1219 1263
1220 1494	1220 1265
1221 1495	1221 1266
1222 1496	1222 1267
1223 1497	1223 1268
1224 1498	1224 1268
1225 1500	1225 1270
1226 1501	1226 1271
1227 1502	1227 1272
1228 1503	1228 1273
1229 1504	1229 1273
1230 1506	1230 1275
1231 1507	1231 1276
1232 1508	1232 1277
1233 1509	1233 1278
1234 1511	1234 1279
1235 1512	1235 1280
1236 1513	1236 1281
1237 1514	1237 1282
1238 1515	1238 1283
1239 1517	1239 1284
1240 1518	1240 1285
1241 1519	1241 1286
1242 1520	1242 1287
1243 1522	1243 1289
1244 1523	1244 1289
1245 1524	1245 1290
1246 1525	1246 1291
1247 1526	1247 1292
1248 1528	1248 1294
1249 1529	1249 1294
1251 1530	1251 1295
1252 1531	1252 1296
1253 1533	1253 1298
1254 1534	1254 1299
1255 1535	1255 1299
1256 1536	1256 1300
1257 1537	1257 1301
1258 1539	1258 1303
1259 1540	1259 1304
1260 1541	1260 1304
1261 1542	1261 1305
1262 1544	1262 1307
1263 1545	1263 1308
1264 1546	1264 1309
1265 1547	1265 1309
1266 1548	1266 1310
1267 1550	1267 1312
1268 1551	1268 1313
1269 1552	1269 1314
1270 1553	1270 1314
1271 1554	1271 1315
1272 1556	1272 1317
1273 1557	1273 1318
1274 1558	1274 1319
1275 1559	1275 1319
1276 1561	1276 1321
1277 1562	1277 1322
1278 1563	1278 1323
1279 1564	1279 1324
1280 1565	1280 1324
1281 1567	1281 1326
1282 1568	1282 1327
1283 1569	1283 1328
1284 1570	1284 1329
1285 1571	1285 1329
1286 1573	1286 1331
1287 1574	1287 1332
1288 1575	1288 1333
1289 1576	1289 1334
1290 1578	1290 1335
1291 1579	1291 1336
1292 1580	1292 1337
1294 1581	1294 1338
1295 1582	1295 1339
1296 1584	1296 1340
1297 1585	1297 1341
1298 1586	1298 1342
1299 1587	1299 1343
1300 1589	1300 1345
1301 1590	1301 1345
1302 1591	1302 1346
1303 1592	1303 1347
1304 1593	1304 1348
1305 1595	1305 1350
1306 1596	1306 1350
1307 1597	1307 1351
1308 1598	1308 1352
1309 1599	1309 1353
1310 1601	1310 1355
1311 1602	1311 1355
1312 1603	1312 1356
1313 1604	1313 1357
1314 1606	1314 1359
1315 1607	1315 1360
1316 1608	1316 1360
1317 1609	1317 1361
1318 1610	1318 1362
1319 1612	1319 1364
1320 1613	1320 1365
1321 1614	1321 1366
1322 1615	1322 1366
1323 1616	1323 1367
1324 1618	1324 1369
1325 1619	1325 1370
1326 1620	1326 1371
1327 1621	1327 1371
1328 1622	1328 1372
1329 1624	1329 1374
1330 1625	1330 1375
1331 1626	1331 1376
1332 1627	1332 1376
1333 1629	1333 1378
1334 1630	1334 1379
1335 1631	1335 1380
1337 1632	1337 1381
1338 1633	1338 1381
1339 1635	1339 1383
1340 1636	1340 1384
1341 1637	1341 1385
1342 1638	1342 1386
1343 1639	1343 1386
1344 1641	1344 1388
1345 1642	1345 1389
1346 1643	1346 1390
1347 1644	1347 1391
1348 1646	1348 1392
1349 1647	1349 1393
1350 1648	1350 1394
1351 1649	1351 1395
1352 1650	1352 1396
1353 1652	1353 1398
1354 1653	1354 1398
1355 1654	1355 1399
1356 1655	1356 1400
1357 1656	1357 1401
1358 1658	1358 1403
1359 1659	1359 1403
1360 1660	1360 1404
1361 1661	1361 1405
1362 1662	1362 1406
1363 1664	1363 1408
1364 1665	1364 1408
1365 1666	1365 1409
1366 1667	1366 1410
1367 1669	1367 1412
1368 1670	1368 1413
1369 1671	1369 1414
1370 1672	1370 1414
1371 1673	1371 1415
1372 1675	1372 1417
1373 1676	1373 1418
1374 1677	1374 1419
1375 1678	1375 1419
1376 1679	1376 1420
1377 1681	1377 1422
1378 1682	1378 1423
1380 1683	1380 1424
1381 1684	1381 1424
1382 1685	1382 1425
1383 1687	1383 1427
1384 1688	1384 1428
1385 1689	1385 1429
1386 1690	1386 1429
1387 1691	1387 1430
1388 1693	1388 1432
1389 1694	1389 1433
1390 1695	1390 1434
1391 1696	1391 1435
1392 1698	1392 1436
1393 1699	1393 1437
1394 1700	1394 1438
1395 1701	1395 1439
1396 1702	1396 1440
1397 1704	1397 1441
1398 1705	1398 1442
1399 1706	1399 1443
1400 1707	1400 1444
1401 1708	1401 1445
1402 1710	1402 1447
1403 1711	1403 1447
1404 1712	1404 1448
1405 1713	1405 1449
1406 1714	1406 1450
1407 1716	1407 1452
1408 1717	1408 1452
1409 1718	1409 1453
1410 1719	1410 1454
1411 1720	1411 1455
1412 1722	1412 1457
1413 1723	1413 1457
1414 1724	1414 1458
1415 1725	1415 1459
1416 1726	1416 1460
1417 1728	1417 1462
1418 1729	1418 1463
1419 1730	1419 1463
1420 1731	1420 1464
1421 1732	1421 1465
1423 1734	1423 1467
1424 1735	1424 1468
1425 1736	1425 1468
1426 1737	1426 1469
1427 1739	1427 1471
1428 1740	1428 1472
1429 1741	1429 1473
1430 1742	1430 1474
1431 1743	1431 1474
1432 1745	1432 1476
1433 1746	1433 1477
1434 1747	1434 1478
1435 1748	1435 1479
1436 1749	1436 1479
1437 1751	1437 1481
1438 1752	1438 1482
1439 1753	1439 1483
1440 1754	1440 1484
1441 1755	1441 1485
1442 1757	1442 1486
1443 1758	1443 1487
1444 1759	1444 1488
1445 1760	1445 1489
1446 1761	1446 1490
1447 1763	1447 1491
1448 1764	1448 1492
1449 1765	1449 1493
1450 1766	1450 1494
1451 1767	1451 1495
1452 1769	1452 1497
1453 1770	1453 1497
1454 1771	1454 1498
1455 1772	1455 1499
1456 1773	1456 1500
1457 1775	1457 1502
1458 1776	1458 1502
1459 1777	1459 1503
1460 1778	1460 1504
1461 1779	1461 1505
1462 1781	1462 1507
1463 1782	1463 1508
1464 1783	1464 1508
1466 1784	1466 1509
1467 1785	1467 1510
1468 1787	1468 1512
1469 1788	1469 1513
1470 1789	1470 1513
1471 1790	1471 1514
1472 1791	1472 1515
1473 1793	1473 1517
1474 1794	1474 1518
1475 1795	1475 1519
1476 1796	1476 1519
1477 1797	1477 1520
1478 1799	1478 1522
1479 1800	1479 1523
1480 1801	1480 1524
1481 1802	1481 1525
1482 1803	1482 1525
1483 1805	1483 1527
1484 1806	1484 1528
1485 1807	1485 1529
1486 1808	1486 1530
1487 1809	1487 1530
1488 1811	1488 1532
1489 1812	1489 1533
1490 1813	1490 1534
1491 1814	1491 1535
1492 1815	1492 1536
1493 1817	1493 1537
1494 1818	1494 1538
1495 1819	1495 1539
1496 1820	1496 1540
1497 1821	1497 1541
1498 1823	1498 1543
1499 1824	1499 1543
1500 1825	1500 1544
1501 1826	1501 1545
1502 1827	1502 1546
1503 1829	1503 1548
1504 1830	1504 1548
1505 1831	1505 1549
1506 1832	1506 1550
1507 1833	1507 1551
1509 1835	1509 1553
1510 1836	1510 1554
1511 1837	1511 1554
1512 1838	1512 1555
1513 1839	1513 1556
1514 1841	1514 1558
1515 1842	1515 1559
1516 1843	1516 1560
1517 1844	1517 1560
1518 1845	1518 1561
1519 1847	1519 1563
1520 1848	1520 1564
1521 1849	1521 1565
1522 1850	1522 1565
1523 1851	1523 1566
1524 1853	1524 1568
1525 1854	1525 1569
1526 1855	1526 1570
1527 1856	1527 1571
1528 1857	1528 1571
1529 1859	1529 1573
1530 1860	1530 1574
1531 1861	1531 1575
1532 1862	1532 1576
1533 1863	1533 1577
1534 1865	1534 1578
1535 1866	1535 1579
1536 1867	1536 1580
1537 1868	1537 1581
1538 1869	1538 1582
1539 1870	1539 1583
1540 1872	1540 1584
1541 1873	1541 1585
1542 1874	1542 1586
1543 1875	1543 1587
1544 1876	1544 1588
1545 1878	1545 1590
1546 1879	1546 1590
1547 1880	1547 1591
1548 1881	1548 1592
1549 1882	1549 1593
1550 1884	1550 1595
1552 1885	1552 1596
1553 1886	1553 1596
1554 1887	1554 1597
1555 1888	1555 1598
1556 1890	1556 1600
1557 1891	1557 1601
1558 1892	1558 1601
1559 1893	1559 1602
1560 1894	1560 1603
1561 1896	1561 1605
1562 1897	1562 1606
1563 1898	1563 1607
1564 1899	1564 1607
1565 1900	1565 1608
1566 1902	1566 1610
1567 1903	1567 1611
1568 1904	1568 1612
1569 1905	1569 1613
1570 1906	1570 1613
1571 1907	1571 1614
1572 1909	1572 1616
1573 1910	1573 1617
1574 1911	1574 1618
1575 1912	1575 1619
1576 1913	1576 1619
1577 1915	1577 1621
1578 1916	1578 1622
1579 1917	1579 1623
1580 1918	1580 1624
1581 1919	1581 1625
1582 1921	1582 1626
1583 1922	1583 1627
1584 1923	1584 1628
1585 1924	1585 1629
1586 1925	1586 1630
1587 1927	1587 1632
1588 1928	1588 1632
1589 1929	1589 1633
1590 1930	1590 1634
1591 1931	1591 1635
1592 1933	1592 1637
1593 1934	1593 1638
1595 1935	1595 1638
1596 1936	1596 1639
1597 1937	1597 1640
1598 1938	1598 1641
1599 1940	1599 1643
1600 1941	1600 1644
1601 1942	1601 1644
1602 1943	1602 1645
1603 1944	1603 1646
1604 1946	1604 1648
1605 1947	1605 1649
1606 1948	1606 1650
1607 1949	1607 1650
1608 1950	1608 1651
1609 1952	1609 1653
1610 1953	1610 1654
1611 1954	1611 1655
1612 1955	1612 1656
1613 1956	1613 1656
1614 1957	1614 1657
1615 1959	1615 1659
1616 1960	1616 1660
1617 1961	1617 1661
1618 1962	1618 1662
1619 1963	1619 1662
1620 1965	1620 1664
1621 1966	1621 1665
1622 1967	1622 1666
1623 1968	1623 1667
1624 1969	1624 1668
1625 1971	1625 1669
1626 1972	1626 1670
1627 1973	1627 1671
1628 1974	1628 1672
1629 1975	1629 1673
1630 1976	1630 1674
1631 1978	1631 1676
1632 1979	1632 1676
1633 1980	1633 1677
1634 1981	1634 1678
1635 1982	1635 1679
1636 1984	1636 1681
1637 1985	1637 1682
1639 1986	1639 1682
1640 1987	1640 1683
1641 1988	1641 1684
1642 1990	1642 1686
1643 1991	1643 1687
1644 1992	1644 1688
1645 1993	1645 1688
1646 1994	1646 1689
1647 1995	1647 1690
1648 1997	1648 1692
1649 1998	1649 1693
1650 1999	1650 1694
1651 2000	1651 1694
1652 2001	1652 1695
1653 2003	1653 1697
1654 2004	1654 1698
1655 2005	1655 1699
1656 2006	1656 1700
1657 2007	1657 1700
1658 2008	1658 1701
1659 2010	1659 1703
1660 2011	1660 1704
1661 2012	1661 1705
1662 2013	1662 1706
1663 2014	1663 1707
1664 2016	1664 1708
1665 2017	1665 1709
1666 2018	1666 1710
1667 2019	1667 1711
1668 2020	1668 1712
1669 2022	1669 1714
1670 2023	1670 1714
1671 2024	1671 1715
1672 2025	1672 1716
1673 2026	1673 1717
1674 2027	1674 1718
1675 2029	1675 1720
1676 2030	1676 1720
1677 2031	1677 1721
1678 2032	1678 1722
1679 2033	1679 1723
1680 2035	1680 1725
1682 2036	1682 1726
1683 2037	1683 1727
1684 2038	1684 1727
1685 2039	1685 1728
1686 2040	1686 1729
1687 2042	1687 1731
1688 2043	1688 1732
1689 2044	1689 1733
1690 2045	1690 1733
1691 2046	1691 1734
1692 2048	1692 1736
1693 2049	1693 1737
1694 2050	1694 1738
1695 2051	1695 1739
1696 2052	1696 1739
1697 2053	1697 1740
1698 2055	1698 1742
1699 2056	1699 1743
1700 2057	1700 1744
1701 2058	1701 1745
1702 2059	1702 1746
1703 2061	1703 1747
1704 2062	1704 1748
1705 2063	1705 1749
1706 2064	1706 1750
1707 2065	1707 1751
1708 2066	1708 1752
1709 2068	1709 1753
1710 2069	1710 1754
1711 2070	1711 1755
1712 2071	1712 1756
1713 2072	1713 1757
1714 2073	1714 1758
1715 2075	1715 1760
1716 2076	1716 1760
1717 2077	1717 1761
1718 2078	1718 1762
1719 2079	1719 1763
1720 2081	1720 1765
1721 2082	1721 1766
1722 2083	1722 1766
1723 2084	1723 1767
1725 2085	1725 1768
1726 2086	1726 1769
1727 2088	1727 1771
1728 2089	1728 1772
1729 2090	1729 1773
1730 2091	1730 1773
1731 2092	1731 1774
1732 2094	1732 1776
1733 2095	1733 1777
1734 2096	1734 1778
1735 2097	1735 1779
1736 2098	1736 1779
1737 2099	1737 1780
1738 2101	1738 1782
1739 2102	1739 1783
1740 2103	1740 1784
1741 2104	1741 1785
1742 2105	1742 1786
1743 2106	1743 1786
1744 2108	1744 1788
1745 2109	1745 1789
1746 2110	1746 1790
1747 2111	1747 1791
1748 2112	1748 1792
1749 2114	1749 1794
1750 2115	1750 1794
1751 2116	1751 1795
1752 2117	1752 1796
1753 2118	1753 1797
1754 2119	1754 1798
1755 2121	1755 1800
1756 2122	1756 1800
1757 2123	1757 1801
1758 2124	1758 1802
1759 2125	1759 1803
1760 2126	1760 1804
1761 2128	1761 1806
1762 2129	1762 1807
1763 2130	1763 1807
1764 2131	1764 1808
1765 2132	1765 1809
1766 2133	1766 1810
1768 2135	1768 1812
1769 2136	1769 1813
1770 2137	1770 1814
1771 2138	1771 1814
1772 2139	1772 1815
1773 2141	1773 1817
1774 2142	1774 1818
1775 2143	1775 1819
1776 2144	1776 1820
1777 2145	1777 1820
1778 2146	1778 1821
1779 2148	1779 1823
1780 2149	1780 1824
1781 2150	1781 1825
1782 2151	1782 1826
1783 2152	1783 1827
1784 2153	1784 1827
1785 2155	1785 1829
1786 2156	1786 1830
1787 2157	1787 1831
1788 2158	1788 1832
1789 2159	1789 1833
1790 2160	1790 1834
1791 2162	1791 1835
1792 2163	1792 1836
1793 2164	1793 1837
1794 2165	1794 1838
1795 2166	1795 1839
1796 2167	1796 1840
1797 2169	1797 1842
1798 2170	1798 1842
1799 2171	1799 1843
1800 2172	1800 1844
1801 2173	1801 1845
1802 2174	1802 1846
1803 2176	1803 1848
1804 2177	1804 1849
1805 2178	1805 1849
1806 2179	1806 1850
1807 2180	1807 1851
1808 2182	1808 1853
1809 2183	1809 1854
1811 2184	1811 1855
1812 2185	1812 1856
1813 2186	1813 1856
1814 2187	1814 1857
1815 2189	1815 1859
1816 2190	1816 1860
1817 2191	1817 1861
1818 2192	1818 1862
1819 2193	1819 1863
1820 2194	1820 1863
1821 2196	1821 1865
1822 2197	1822 1866
1823 2198	1823 1867
1824 2199	1824 1868
1825 2200	1825 1869
1826 2201	1826 1870
1827 2203	1827 1871
1828 2204	1828 1872
1829 2205	1829 1873
1830 2206	1830 1874
1831 2207	1831 1875
1832 2208	1832 1876
1833 2210	1833 1878
1834 2211	1834 1878
1835 2212	1835 1879
1836 2213	1836 1880
1837 2214	1837 1881
1838 2215	1838 1882
1839 2217	1839 1884
1840 2218	1840 1885
1841 2219	1841 1885
1842 2220	1842 1886
1843 2221	1843 1887
1844 2222	1844 1888
1845 2224	1845 1890
1846 2225	1846 1891
1847 2226	1847 1892
1848 2227	1848 1892
1849 2228	1849 1893
1850 2229	1850 1894
1851 2231	1851 1896
1852 2232	1852 1897
1854 2233	1854 1898
1855 2234	1855 1899
1856 2235	1856 1899
1857 2236	1857 1900
1858 2238	1858 1902
1859 2239	1859 1903
1860 2240	1860 1904
1861 2241	1861 1905
1862 2242	1862 1906
1863 2243	1863 1906
1864 2245	1864 1908
1865 2246	1865 1909
1866 2247	1866 1910
1867 2248	1867 1911
1868 2249	1868 1912
1869 2250	1869 1913
1870 2252	1870 1914
1871 2253	1871 1915
1872 2254	1872 1916
1873 2255	1873 1917
1874 2256	1874 1918
1875 2257	1875 1919
1876 2258	1876 1920
1877 2260	1877 1922
1878 2261	1878 1922
1879 2262	1879 1923
1880 2263	1880 1924
1881 2264	1881 1925
1882 2265	1882 1926
1883 2267	1883 1928
1884 2268	1884 1929
1885 2269	1885 1929
1886 2270	1886 1930
1887 2271	1887 1931
1888 2272	1888 1932
1889 2274	1889 1934
1890 2275	1890 1935
1891 2276	1891 1936
1892 2277	1892 1936
1893 2278	1893 1937
1894 2279	1894 1938
1895 2281	1895 1940
1897 2282	1897 1941
1898 2283	1898 1942
1899 2284	1899 1943
1900 2285	1900 1944
1901 2286	1901 1944
1902 2288	1902 1946
1903 2289	1903 1947
1904 2290	1904 1948
1905 2291	1905 1949
1906 2292	1906 1950
1907 2293	1907 1951
1908 2294	1908 1951
1909 2296	1909 1953
1910 2297	1910 1954
1911 2298	1911 1955
1912 2299	1912 1956
1913 2300	1913 1957
1914 2301	1914 1958
1915 2303	1915 1960
1916 2304	1916 1960
1917 2305	1917 1961
1918 2306	1918 1962
1919 2307	1919 1963
1920 2308	1920 1964
1921 2310	1921 1966
1922 2311	1922 1967
1923 2312	1923 1967
1924 2313	1924 1968
1925 2314	1925 1969
1926 2315	1926 1970
1927 2317	1927 1972
1928 2318	1928 1973
1929 2319	1929 1974
1930 2320	1930 1975
1931 2321	1931 1975
1932 2322	1932 1976
1933 2323	1933 1977
1934 2325	1934 1979
1935 2326	1935 1980
1936 2327	1936 1981
1937 2328	1937 1982
1938 2329	1938 1982
1940 2330	1940 1983
1941 2332	1941 1985
1942 2333	1942 1986
1943 2334	1943 1987
1944 2335	1944 1988
1945 2336	1945 1989
1946 2337	1946 1990
1947 2338	1947 1990
1948 2340	1948 1992
1949 2341	1949 1993
1950 2342	1950 1994
1951 2343	1951 1995
1952 2344	1952 1996
1953 2345	1953 1997
1954 2347	1954 1998
1955 2348	1955 1999
1956 2349	1956 2000
1957 2350	1957 2001
1958 2351	1958 2002
1959 2352	1959 2003
1960 2354	1960 2005
1961 2355	1961 2006
1962 2356	1962 2006
1963 2357	1963 2007
1964 2358	1964 2008
1965 2359	1965 2009
1966 2360	1966 2010
1967 2362	1967 2012
1968 2363	1968 2013
1969 2364	1969 2014
1970 2365	1970 2014
1971 2366	1971 2015
1972 2367	1972 2016
1973 2368	1973 2017
1974 2370	1974 2019
1975 2371	1975 2020
1976 2372	1976 2021
1977 2373	1977 2022
1978 2374	1978 2022
1979 2375	1979 2023
1980 2377	1980 2025
1981 2378	1981 2026
1983 2379	1983 2027
1984 2380	1984 2028
1985 2381	1985 2029
1986 2382	1986 2030
1987 2383	1987 2030
1988 2385	1988 2032
1989 2386	1989 2033
1990 2387	1990 2034
1991 2388	1991 2035
1992 2389	1992 2036
1993 2390	1993 2037
1994 2392	1994 2039
1995 2393	1995 2039
1996 2394	1996 2040
1997 2395	1997 2041
1998 2396	1998 2042
1999 2397	1999 2043
2000 2398	2000 2044
2001 2400	2001 2046
2002 2401	2002 2047
2003 2402	2003 2047
2004 2403	2004 2048
2005 2404	2005 2049
2006 2405	2006 2050
2007 2406	2007 2051
2008 2408	2008 2053
2009 2409	2009 2054
2010 2410	2010 2055
2011 2411	2011 2055
2012 2412	2012 2056
2013 2413	2013 2057
2014 2415	2014 2059
2015 2416	2015 2060
2016 2417	2016 2061
2017 2418	2017 2062
2018 2419	2018 2063
2019 2420	2019 2063
2020 2421	2020 2064
2021 2423	2021 2066
2022 2424	2022 2067
2023 2425	2023 2068
2024 2426	2024 2069
2026 2427	2026 2070
2027 2428	2027 2071
2028 2429	2028 2071
2029 2431	2029 2073
2030 2432	2030 2074
2031 2433	2031 2075
2032 2434	2032 2076
2033 2435	2033 2077
2034 2436	2034 2078
2035 2437	2035 2079
2036 2439	2036 2080
2037 2440	2037 2081
2038 2441	2038 2082
2039 2442	2039 2083
2040 2443	2040 2084
2041 2444	2041 2085
2042 2446	2042 2087
2043 2447	2043 2088
2044 2448	2044 2088
2045 2449	2045 2089
2046 2450	2046 2090
2047 2451	2047 2091
2048 2452	2048 2092
2049 2454	2049 2094
2050 2455	2050 2095
2051 2456	2051 2096
2052 2457	2052 2097
2053 2458	2053 2097
2054 2459	2054 2098
2055 2460	2055 2099
2056 2462	2056 2101
2057 2463	2057 2102
2058 2464	2058 2103
2059 2465	2059 2104
2060 2466	2060 2105
2061 2467	2061 2105
2062 2468	2062 2106
2063 2470	2063 2108
2064 2471	2064 2109
2065 2472	2065 2110
2066 2473	2066 2111
2067 2474	2067 2112
2068 2475	2068 2113
2070 2476	2070 2114
2071 2478	2071 2115
2072 2479	2072 2116
2073 2480	2073 2117
2074 2481	2074 2118
2075 2482	2075 2119
2076 2483	2076 2120
2077 2484	2077 2121
2078 2486	2078 2123
2079 2487	2079 2123
2080 2488	2080 2124
2081 2489	2081 2125
2082 2490	2082 2126
2083 2491	2083 2127
2084 2492	2084 2128
2085 2494	2085 2130
2086 2495	2086 2131
2087 2496	2087 2132
2088 2497	2088 2132
2089 2498	2089 2133
2090 2499	2090 2134
2091 2500	2091 2135
2092 2502	2092 2137
2093 2503	2093 2138
2094 2504	2094 2139
2095 2505	2095 2140
2096 2506	2096 2140
2097 2507	2097 2141
2098 2508	2098 2142
2099 2509	2099 2143
2100 2511	2100 2145
2101 2512	2101 2146
2102 2513	2102 2147
2103 2514	2103 2148
2104 2515	2104 2149
2105 2516	2105 2149
2106 2517	2106 2150
2107 2519	2107 2152
2108 2520	2108 2153
2109 2521	2109 2154
2110 2522	2110 2155
2111 2523	2111 2156
2113 2524	2113 2157
2114 2525	2114 2158
2115 2527	2115 2159
2116 2528	2116 2160
2117 2529	2117 2161
2118 2530	2118 2162
2119 2531	2119 2163
2120 2532	2120 2164
2121 2533	2121 2165
2122 2535	2122 2167
2123 2536	2123 2168
2124 2537	2124 2168
2125 2538	2125 2169
2126 2539	2126 2170
2127 2540	2127 2171
2128 2541	2128 2172
2129 2542	2129 2173
2130 2544	2130 2175
2131 2545	2131 2176
2132 2546	2132 2176
2133 2547	2133 2177
2134 2548	2134 2178
2135 2549	2135 2179
2136 2550	2136 2180
2137 2552	2137 2182
2138 2553	2138 2183
2139 2554	2139 2184
2140 2555	2140 2185
2141 2556	2141 2185
2142 2557	2142 2186
2143 2558	2143 2187
2144 2560	2144 2189
2145 2561	2145 2190
2146 2562	2146 2191
2147 2563	2147 2192
2148 2564	2148 2193
2149 2565	2149 2194
2150 2566	2150 2195
2151 2567	2151 2195
2152 2569	2152 2197
2153 2570	2153 2198
2154 2571	2154 2199
2156 2572	2156 2200
2157 2573	2157 2201
2158 2574	2158 2202
2159 2575	2159 2203
2160 2577	2160 2205
2161 2578	2161 2205
2162 2579	2162 2206
2163 2580	2163 2207
2164 2581	2164 2208
2165 2582	2165 2209
2166 2583	2166 2210
2167 2584	2167 2211
2168 2586	2168 2213
2169 2587	2169 2214
2170 2588	2170 2214
2171 2589	2171 2215
2172 2590	2172 2216
2173 2591	2173 2217
2174 2592	2174 2218
2175 2594	2175 2220
2176 2595	2176 2221
2177 2596	2177 2222
2178 2597	2178 2223
2179 2598	2179 2223
2180 2599	2180 2224
2181 2600	2181 2225
2182 2601	2182 2226
2183 2603	2183 2228
2184 2604	2184 2229
2185 2605	2185 2230
2186 2606	2186 2231
2187 2607	2187 2232
2188 2608	2188 2233
2189 2609	2189 2233
2190 2610	2190 2234
2191 2612	2191 2236
2192 2613	2192 2237
2193 2614	2193 2238
2194 2615	2194 2239
2195 2616	2195 2240
2196 2617	2196 2241
2197 2618	2197 2242
2199 2619	2199 2242
2200 2621	2200 2244
2201 2622	2201 2245
2202 2623	2202 2246
2203 2624	2203 2247
2204 2625	2204 2248
2205 2626	2205 2249
2206 2627	2206 2250
2207 2629	2207 2252
2208 2630	2208 2253
2209 2631	2209 2253
2210 2632	2210 2254
2211 2633	2211 2255
2212 2634	2212 2256
2213 2635	2213 2257
2214 2636	2214 2258
2215 2638	2215 2260
2216 2639	2216 2261
2217 2640	2217 2262
2218 2641	2218 2262
2219 2642	2219 2263
2220 2643	2220 2264
2221 2644	2221 2265
2222 2645	2222 2266
2223 2647	2223 2268
2224 2648	2224 2269
2225 2649	2225 2270
2226 2650	2226 2271
2227 2651	2227 2272
2228 2652	2228 2272
2229 2653	2229 2273
2230 2654	2230 2274
2231 2656	2231 2276
2232 2657	2232 2277
2233 2658	2233 2278
2234 2659	2234 2279
2235 2660	2235 2280
2236 2661	2236 2281
2237 2662	2237 2282
2238 2663	2238 2282
2239 2665	2239 2284
2240 2666	2240 2285
2242 2667	2242 2286
2243 2668	2243 2287
2244 2669	2244 2288
2245 2670	2245 2289
2246 2671	2246 2290
2247 2672	2247 2291
2248 2674	2248 2293
2249 2675	2249 2293
2250 2676	2250 2294
2251 2677	2251 2295
2252 2678	2252 2296
2253 2679	2253 2297
2254 2680	2254 2298
2255 2681	2255 2299
2256 2683	2256 2301
2257 2684	2257 2302
2258 2685	2258 2303
2259 2686	2259 2303
2260 2687	2260 2304
2261 2688	2261 2305
2262 2689	2262 2306
2263 2690	2263 2307
2264 2691	2264 2308
2265 2693	2265 2310
2266 2694	2266 2311
2267 2695	2267 2312
2268 2696	2268 2313
2269 2697	2269 2313
2270 2698	2270 2314
2271 2699	2271 2315
2272 2700	2272 2316
2273 2702	2273 2318
2274 2703	2274 2319
2275 2704	2275 2320
2276 2705	2276 2321
2277 2706	2277 2322
2278 2707	2278 2323
2279 2708	2279 2323
2280 2709	2280 2324
2281 2711	2281 2326
2282 2712	2282 2327
2283 2713	2283 2328
2285 2714	2285 2329
2286 2715	2286 2330
2287 2716	2287 2331
2288 2717	2288 2332
2289 2718	2289 2333
2290 2719	2290 2334
2291 2721	2291 2335
2292 2722	2292 2336
2293 2723	2293 2337
2294 2724	2294 2338
2295 2725	2295 2339
2296 2726	2296 2340
2297 2727	2297 2341
2298 2728	2298 2342
2299 2730	2299 2344
2300 2731	2300 2345
2301 2732	2301 2345
2302 2733	2302 2346
2303 2734	2303 2347
2304 2735	2304 2348
2305 2736	2305 2349
2306 2737	2306 2350
2307 2738	2307 2351
2308 2740	2308 2353
2309 2741	2309 2354
2310 2742	2310 2355
2311 2743	2311 2356
2312 2744	2312 2356
2313 2745	2313 2357
2314 2746	2314 2358
2315 2747	2315 2359
2316 2749	2316 2361
2317 2750	2317 2362
2318 2751	2318 2363
2319 2752	2319 2364
2320 2753	2320 2365
2321 2754	2321 2366
2322 2755	2322 2367
2323 2756	2323 2367
2324 2757	2324 2368
2325 2759	2325 2370
2326 2760	2326 2371
2328 2761	2328 2372
2329 2762	2329 2373
2330 2763	2330 2374
2331 2764	2331 2375
2332 2765	2332 2376
2333 2766	2333 2377
2334 2767	2334 2378
2335 2769	2335 2379
2336 2770	2336 2380
2337 2771	2337 2381
2338 2772	2338 2382
2339 2773	2339 2383
2340 2774	2340 2384
2341 2775	2341 2385
2342 2776	2342 2386
2343 2777	2343 2387
2344 2779	2344 2389
2345 2780	2345 2390
2346 2781	2346 2390
2347 2782	2347 2391
2348 2783	2348 2392
2349 2784	2349 2393
2350 2785	2350 2394
2351 2786	2351 2395
2352 2788	2352 2397
2353 2789	2353 2398
2354 2790	2354 2399
2355 2791	2355 2400
2356 2792	2356 2401
2357 2793	2357 2401
2358 2794	2358 2402
2359 2795	2359 2403
2360 2796	2360 2404
2361 2798	2361 2406
2362 2799	2362 2407
2363 2800	2363 2408
2364 2801	2364 2409
2365 2802	2365 2410
2366 2803	2366 2411
2367 2804	2367 2412
2368 2805	2368 2412
2369 2806	2369 2413
2371 2807	2371 2414
2372 2809	2372 2416
2373 2810	2373 2417
2374 2811	2374 2418
2375 2812	2375 2419
2376 2813	2376 2420
2377 2814	2377 2421
2378 2815	2378 2422
2379 2816	2379 2423
2380 2817	2380 2424
2381 2819	2381 2425
2382 2820	2382 2426
2383 2821	2383 2427
2384 2822	2384 2428
2385 2823	2385 2429
2386 2824	2386 2430
2387 2825	2387 2431
2388 2826	2388 2432
2389 2827	2389 2433
2390 2829	2390 2435
2391 2830	2391 2436
2392 2831	2392 2436
2393 2832	2393 2437
2394 2833	2394 2438
2395 2834	2395 2439
2396 2835	2396 2440
2397 2836	2397 2441
2398 2837	2398 2442
2399 2839	2399 2444
2400 2840	2400 2445
2401 2841	2401 2446
2402 2842	2402 2447
2403 2843	2403 2448
2404 2844	2404 2448
2405 2845	2405 2449
2406 2846	2406 2450
2407 2847	2407 2451
2408 2848	2408 2452
2409 2850	2409 2454
2410 2851	2410 2455
2411 2852	2411 2456
2412 2853	2412 2457
2414 2854	2414 2458
2415 2855	2415 2459
2416 2856	2416 2460
2417 2857	2417 2460
2418 2858	2418 2461
2419 2859	2419 2462
2420 2861	2420 2464
2421 2862	2421 2465
2422 2863	2422 2466
2423 2864	2423 2467
2424 2865	2424 2468
2425 2866	2425 2469
2426 2867	2426 2470
2427 2868	2427 2471
2428 2869	2428 2472
2429 2871	2429 2473
2430 2872	2430 2474
2431 2873	2431 2475
2432 2874	2432 2476
2433 2875	2433 2477
2434 2876	2434 2478
2435 2877	2435 2479
2436 2878	2436 2480
2437 2879	2437 2481
2438 2880	2438 2482
2439 2882	2439 2484
2440 2883	2440 2485
2441 2884	2441 2486
2442 2885	2442 2486
2443 2886	2443 2487
2444 2887	2444 2488
2445 2888	2445 2489
2446 2889	2446 2490
2447 2890	2447 2491
2448 2891	2448 2492
2449 2893	2449 2494
2450 2894	2450 2495
2451 2895	2451 2496
2452 2896	2452 2497
2453 2897	2453 2498
2454 2898	2454 2498
2455 2899	2455 2499
2457 2900	2457 2500
2458 2901	2458 2501
2459 2902	2459 2502
2460 2904	2460 2504
2461 2905	2461 2505
2462 2906	2462 2506
2463 2907	2463 2507
2464 2908	2464 2508
2465 2909	2465 2509
2466 2910	2466 2510
2467 2911	2467 2511
2468 2912	2468 2511
2469 2913	2469 2512
2470 2915	2470 2514
2471 2916	2471 2515
2472 2917	2472 2516
2473 2918	2473 2517
2474 2919	2474 2518
2475 2920	2475 2519
2476 2921	2476 2520
2477 2922	2477 2521
2478 2923	2478 2522
2479 2924	2479 2523
2480 2926	2480 2525
2481 2927	2481 2525
2482 2928	2482 2526
2483 2929	2483 2527
2484 2930	2484 2528
2485 2931	2485 2529
2486 2932	2486 2530
2487 2933	2487 2531
2488 2934	2488 2532
2489 2935	2489 2533
2490 2936	2490 2534
2491 2938	2491 2536
2492 2939	2492 2537
2493 2940	2493 2538
2494 2941	2494 2538
2495 2942	2495 2539
2496 2943	2496 2540
2497 2944	2497 2541
2498 2945	2498 2542
2499 2946	2499 2543
2501 2947	2501 2544
2502 2949	2502 2546
2503 2950	2503 2547
2504 2951	2504 2548
2505 2952	2505 2549
2506 2953	2506 2550
2507 2954	2507 2551
2508 2955	2508 2552
2509 2956	2509 2552
2510 2957	2510 2553
2511 2958	2511 2554
2512 2959	2512 2555
2513 2961	2513 2557
2514 2962	2514 2558
2515 2963	2515 2559
2516 2964	2516 2560
2517 2965	2517 2561
2518 2966	2518 2562
2519 2967	2519 2563
2520 2968	2520 2564
2521 2969	2521 2565
2522 2970	2522 2565
2523 2971	2523 2566
2524 2973	2524 2568
2525 2974	2525 2569
2526 2975	2526 2570
2527 2976	2527 2571
2528 2977	2528 2572
2529 2978	2529 2573
2530 2979	2530 2574
2531 2980	2531 2575
2532 2981	2532 2576
2533 2982	2533 2577
2534 2983	2534 2578
2535 2985	2535 2580
2536 2986	2536 2580
2537 2987	2537 2581
2538 2988	2538 2582
2539 2989	2539 2583
2540 2990	2540 2584
2541 2991	2541 2585
2542 2992	2542 2586
2544 2993	2544 2587
2545 2994	2545 2588
2546 2995	2546 2589
2547 2997	2547 2591
2548 2998	2548 2592
2549 2999	2549 2593
2550 3000	2550 2594
2551 3001	2551 2595
2552 3002	2552 2595
2553 3003	2553 2596
2554 3004	2554 2597
2555 3005	2555 2598
2556 3006	2556 2599
2557 3007	2557 2600
2558 3009	2558 2602
2559 3010	2559 2603
2560 3011	2560 2604
2561 3012	2561 2605
2562 3013	2562 2606
2563 3014	2563 2607
2564 3015	2564 2608
2565 3016	2565 2609
2566 3017	2566 2609
2567 3018	2567 2610
2568 3019	2568 2611
2569 3020	2569 2612
2570 3022	2570 2614
2571 3023	2571 2615
2572 3024	2572 2616
2573 3025	2573 2617
2574 3026	2574 2618
2575 3027	2575 2619
2576 3028	2576 2620
2577 3029	2577 2621
2578 3030	2578 2622
2579 3031	2579 2623
2580 3032	2580 2624
2581 3033	2581 2624
2582 3035	2582 2626
2583 3036	2583 2627
2584 3037	2584 2628
2585 3038	2585 2629
2587 3039	2587 2630
2588 3040	2588 2631
2589 3041	2589 2632
2590 3042	2590 2633
2591 3043	2591 2634
2592 3044	2592 2635
2593 3045	2593 2636
2594 3047	2594 2638
2595 3048	2595 2639
2596 3049	2596 2640
2597 3050	2597 2640
2598 3051	2598 2641
2599 3052	2599 2642
2600 3053	2600 2643
2601 3054	2601 2644
2602 3055	2602 2645
2603 3056	2603 2646
2604 3057	2604 2647
2605 3058	2605 2648
2606 3059	2606 2649
2607 3061	2607 2651
2608 3062	2608 2652
2609 3063	2609 2653
2610 3064	2610 2654
2611 3065	2611 2655
2612 3066	2612 2656
2613 3067	2613 2656
2614 3068	2614 2657
2615 3069	2615 2658
2616 3070	2616 2659
2617 3071	2617 2660
2618 3072	2618 2661
2619 3074	2619 2663
2620 3075	2620 2664
2621 3076	2621 2665
2622 3077	2622 2666
2623 3078	2623 2667
2624 3079	2624 2668
2625 3080	2625 2669
2626 3081	2626 2670
2627 3082	2627 2671
2628 3083	2628 2672
2630 3084	2630 2672
2631 3085	2631 2673
2632 3087	2632 2675
2633 3088	2633 2676
2634 3089	2634 2677
2635 3090	2635 2678
2636 3091	2636 2679
2637 3092	2637 2680
2638 3093	2638 2681
2639 3094	2639 2682
2640 3095	2640 2683
2641 3096	2641 2684
2642 3097	2642 2685
2643 3098	2643 2686
2644 3099	2644 2687
2645 3101	2645 2689
2646 3102	2646 2690
2647 3103	2647 2690
2648 3104	2648 2691
2649 3105	2649 2692
2650 3106	2650 2693
2651 3107	2651 2694
2652 3108	2652 2695
2653 3109	2653 2696
2654 3110	2654 2697
2655 3111	2655 2698
2656 3112	2656 2699
2657 3113	2657 2700
2658 3115	2658 2702
2659 3116	2659 2703
2660 3117	2660 2704
2661 3118	2661 2705
2662 3119	2662 2706
2663 3120	2663 2707
2664 3121	2664 2707
2665 3122	2665 2708
2666 3123	2666 2709
2667 3124	2667 2710
2668 3125	2668 2711
2669 3126	2669 2712
2670 3127	2670 2713
2671 3128	2671 2714
2673 3130	2673 2716
2674 3131	2674 2717
2675 3132	2675 2718
2676 3133	2676 2719
2677 3134	2677 2720
2678 3135	2678 2721
2679 3136	2679 2722
2680 3137	2680 2723
2681 3138	2681 2724
2682 3139	2682 2724
2683 3140	2683 2725
2684 3141	2684 2726
2685 3142	2685 2727
2686 3144	2686 2729
2687 3145	2687 2730
2688 3146	2688 2731
2689 3147	2689 2732
2690 3148	2690 2733
2691 3149	2691 2734
2692 3150	2692 2735
2693 3151	2693 2736
2694 3152	2694 2737
2695 3153	2695 2738
2696 3154	2696 2739
2697 3155	2697 2740
2698 3156	2698 2741
2699 3157	2699 2742
2700 3159	2700 2744
2701 3160	2701 2744
2702 3161	2702 2745
2703 3162	2703 2746
2704 3163	2704 2747
2705 3164	2705 2748
2706 3165	2706 2749
2707 3166	2707 2750
2708 3167	2708 2751
2709 3168	2709 2752
2710 3169	2710 2753
2711 3170	2711 2754
2712 3171	2712 2755
2713 3172	2713 2756
2714 3173	2714 2757
2716 3175	2716 2759
2717 3176	2717 2760
2718 3177	2718 2761
2719 3178	2719 2762
2720 3179	2720 2762
2721 3180	2721 2763
2722 3181	2722 2764
2723 3182	2723 2765
2724 3183	2724 2766
2725 3184	2725 2767
2726 3185	2726 2768
2727 3186	2727 2769
2728 3187	2728 2770
2729 3188	2729 2771
2730 3190	2730 2773
2731 3191	2731 2774
2732 3192	2732 2775
2733 3193	2733 2776
2734 3194	2734 2777
2735 3195	2735 2778
2736 3196	2736 2779
2737 3197	2737 2780
2738 3198	2738 2781
2739 3199	2739 2782
2740 3200	2740 2782
2741 3201	2741 2783
2742 3202	2742 2784
2743 3203	2743 2785
2744 3204	2744 2786
2745 3206	2745 2788
2746 3207	2746 2789
2747 3208	2747 2790
2748 3209	2748 2791
2749 3210	2749 2792
2750 3211	2750 2793
2751 3212	2751 2794
2752 3213	2752 2795
2753 3214	2753 2796
2754 3215	2754 2797
2755 3216	2755 2798
2756 3217	2756 2799
2757 3218	2757 2800
2759 3219	2759 2801
2760 3220	2760 2802
2761 3221	2761 2802
2762 3223	2762 2804
2763 3224	2763 2805
2764 3225	2764 2806
2765 3226	2765 2807
2766 3227	2766 2808
2767 3228	2767 2809
2768 3229	2768 2810
2769 3230	2769 2811
2770 3231	2770 2812
2771 3232	2771 2813
2772 3233	2772 2814
2773 3234	2773 2815
2774 3235	2774 2816
2775 3236	2775 2817
2776 3237	2776 2818
2777 3238	2777 2819
2778 3240	2778 2821
2779 3241	2779 2822
2780 3242	2780 2823
2781 3243	2781 2824
2782 3244	2782 2825
2783 3245	2783 2825
2784 3246	2784 2826
2785 3247	2785 2827
2786 3248	2786 2828
2787 3249	2787 2829
2788 3250	2788 2830
2789 3251	2789 2831
2790 3252	2790 2832
2791 3253	2791 2833
2792 3254	2792 2834
2793 3255	2793 2835
2794 3257	2794 2837
2795 3258	2795 2838
2796 3259	2796 2839
2797 3260	2797 2840
2798 3261	2798 2841
2799 3262	2799 2842
2800 3263	2800 2843
2802 3264	2802 2844
2803 3265	2803 2845
2804 3266	2804 2846
2805 3267	2805 2847
2806 3268	2806 2847
2807 3269	2807 2848
2808 3270	2808 2849
2809 3271	2809 2850
2810 3272	2810 2851
2811 3273	2811 2852
2812 3275	2812 2854
2813 3276	2813 2855
2814 3277	2814 2856
2815 3278	2815 2857
2816 3279	2816 2858
2817 3280	2817 2859
2818 3281	2818 2860
2819 3282	2819 2861
2820 3283	2820 2862
2821 3284	2821 2863
2822 3285	2822 2864
2823 3286	2823 2865
2824 3287	2824 2866
2825 3288	2825 2867
2826 3289	2826 2868
2827 3290	2827 2869
2828 3291	2828 2870
2829 3292	2829 2871
2830 3294	2830 2872
2831 3295	2831 2873
2832 3296	2832 2874
2833 3297	2833 2875
2834 3298	2834 2876
2835 3299	2835 2877
2836 3300	2836 2878
2837 3301	2837 2879
2838 3302	2838 2880
2839 3303	2839 2881
2840 3304	2840 2882
2841 3305	2841 2883
2842 3306	2842 2884
2843 3307	2843 2885
2845 3308	2845 2886
2846 3309	2846 2887
2847 3310	2847 2888
2848 3311	2848 2889
2849 3312	2849 2890
2850 3314	2850 2892
2851 3315	2851 2893
2852 3316	2852 2894
2853 3317	2853 2895
2854 3318	2854 2896
2855 3319	2855 2897
2856 3320	2856 2897
2857 3321	2857 2898
2858 3322	2858 2899
2859 3323	2859 2900
2860 3324	2860 2901
2861 3325	2861 2902
2862 3326	2862 2903
2863 3327	2863 2904
2864 3328	2864 2905
2865 3329	2865 2906
2866 3330	2866 2907
2867 3331	2867 2908
2868 3332	2868 2909
2869 3334	2869 2911
2870 3335	2870 2912
2871 3336	2871 2913
2872 3337	2872 2914
2873 3338	2873 2915
2874 3339	2874 2916
2875 3340	2875 2917
2876 3341	2876 2918
2877 3342	2877 2919
2878 3343	2878 2920
2879 3344	2879 2921
2880 3345	2880 2922
2881 3346	2881 2923
2882 3347	2882 2924
2883 3348	2883 2924
2884 3349	2884 2925
2885 3350	2885 2926
2886 3351	2886 2927
2887 3352	2887 2928
2889 3353	2889 2929
2890 3355	2890 2931
2891 3356	2891 2932
2892 3357	2892 2933
2893 3358	2893 2934
2894 3359	2894 2935
2895 3360	2895 2936
2896 3361	2896 2937
2897 3362	2897 2938
2898 3363	2898 2939
2899 3364	2899 2940
2900 3365	2900 2941
2901 3366	2901 2942
2902 3367	2902 2943
2903 3368	2903 2944
2904 3369	2904 2945
2905 3370	2905 2946
2906 3371	2906 2947
2907 3372	2907 2948
2908 3373	2908 2949
2909 3374	2909 2950
2910 3375	2910 2951
2911 3377	2911 2953
2912 3378	2912 2954
2913 3379	2913 2955
2914 3380	2914 2955
2915 3381	2915 2956
2916 3382	2916 2957
2917 3383	2917 2958
2918 3384	2918 2959
2919 3385	2919 2960
2920 3386	2920 2961
2921 3387	2921 2962
2922 3388	2922 2963
2923 3389	2923 2964
2924 3390	2924 2965
2925 3391	2925 2966
2926 3392	2926 2967
2927 3393	2927 2968
2928 3394	2928 2969
2929 3395	2929 2970
2930 3396	2930 2971
2932 3397	2932 2972
2933 3398	2933 2973
2934 3399	2934 2974
2935 3401	2935 2976
2936 3402	2936 2977
2937 3403	2937 2978
2938 3404	2938 2979
2939 3405	2939 2980
2940 3406	2940 2981
2941 3407	2941 2982
2942 3408	2942 2983
2943 3409	2943 2984
2944 3410	2944 2985
2945 3411	2945 2986
2946 3412	2946 2987
2947 3413	2947 2987
2948 3414	2948 2988
2949 3415	2949 2989
2950 3416	2950 2990
2951 3417	2951 2991
2952 3418	2952 2992
2953 3419	2953 2993
2954 3420	2954 2994
2955 3421	2955 2995
2956 3422	2956 2996
2957 3423	2957 2997
2958 3424	2958 2998
2959 3426	2959 3000
2960 3427	2960 3001
2961 3428	2961 3002
2962 3429	2962 3003
2963 3430	2963 3004
2964 3431	2964 3005
2965 3432	2965 3006
2966 3433	2966 3007
2967 3434	2967 3008
2968 3435	2968 3009
2969 3436	2969 3010
2970 3437	2970 3011
2971 3438	2971 3012
2972 3439	2972 3013
2973 3440	2973 3014
2975 3441	2975 3015
2976 3442	2976 3016
2977 3443	2977 3017
2978 3444	2978 3018
2979 3445	2979 3019
2980 3446	2980 3020
2981 3447	2981 3021
2982 3448	2982 3022
2983 3449	2983 3023
2984 3450	2984 3024
2985 3451	2985 3024
2986 3453	2986 3026
2987 3454	2987 3027
2988 3455	2988 3028
2989 3456	2989 3029
2990 3457	2990 3030
2991 3458	2991 3031
2992 3459	2992 3032
2993 3460	2993 3033
2994 3461	2994 3034
2995 3462	2995 3035
2996 3463	2996 3036
2997 3464	2997 3037
2998 3465	2998 3038
2999 3466	2999 3039
3000 3467	3000 3040
3001 3468	3001 3041
3002 3469	3002 3042
3003 3470	3003 3043
3004 3471	3004 3044
3005 3472	3005 3045
3006 3473	3006 3046
3007 3474	3007 3047
3008 3475	3008 3048
3009 3476	3009 3049
3010 3477	3010 3050
3011 3478	3011 3051
3012 3479	3012 3052
3013 3480	3013 3053
3014 3482	3014 3055
3015 3483	3015 3056
3016 3484	3016 3057
3018 3485	3018 3058
3019 3486	3019 3059
3020 3487	3020 3060
3021 3488	3021 3061
3022 3489	3022 3062
3023 3490	3023 3063
3024 3491	3024 3064
3025 3492	3025 3065
3026 3493	3026 3066
3027 3494	3027 3067
3028 3495	3028 3068
3029 3496	3029 3068
3030 3497	3030 3069
3031 3498	3031 3070
3032 3499	3032 3071
3033 3500	3033 3072
3034 3501	3034 3073
3035 3502	3035 3074
3036 3503	3036 3075
3037 3504	3037 3076
3038 3505	3038 3077
3039 3506	3039 3078
3040 3507	3040 3079
3041 3508	3041 3080
3042 3509	3042 3081
3043 3510	3043 3082
3044 3511	3044 3083
3045 3512	3045 3084
3046 3513	3046 3085
3047 3515	3047 3087
3048 3516	3048 3088
3049 3517	3049 3089
3050 3518	3050 3090
3051 3519	3051 3091
3052 3520	3052 3092
3053 3521	3053 3093
3054 3522	3054 3094
3055 3523	3055 3095
3056 3524	3056 3096
3057 3525	3057 3097
3058 3526	3058 3098
3059 3527	3059 3099
3061 3528	3061 3100
3062 3529	3062 3101
3063 3530	3063 3102
3064 3531	3064 3103
3065 3532	3065 3104
3066 3533	3066 3105
3067 3534	3067 3106
3068 3535	3068 3107
3069 3536	3069 3108
3070 3537	3070 3109
3071 3538	3071 3110
3072 3539	3072 3111
3073 3540	3073 3112
3074 3541	3074 3113
3075 3542	3075 3114
3076 3543	3076 3115
3077 3544	3077 3116
3078 3545	3078 3117
3079 3546	3079 3118
3080 3547	3080 3119
3081 3548	3081 3120
3082 3549	3082 3121
3083 3550	3083 3122
3084 3551	3084 3123
3085 3553	3085 3125
3086 3554	3086 3125
3087 3555	3087 3126
3088 3556	3088 3127
3089 3557	3089 3128
3090 3558	3090 3129
3091 3559	3091 3130
3092 3560	3092 3131
3093 3561	3093 3132
3094 3562	3094 3133
3095 3563	3095 3134
3096 3564	3096 3135
3097 3565	3097 3136
3098 3566	3098 3137
3099 3567	3099 3138
3100 3568	3100 3139
3101 3569	3101 3140
3102 3570	3102 3141
3104 3571	3104 3142
3105 3572	3105 3143
3106 3573	3106 3144
3107 3574	3107 3145
3108 3575	3108 3146
3109 3576	3109 3147
3110 3577	3110 3148
3111 3578	3111 3149
3112 3579	3112 3150
3113 3580	3113 3151
3114 3581	3114 3152
3115 3582	3115 3153
3116 3583	3116 3154
3117 3584	3117 3155
3118 3585	3118 3156
3119 3586	3119 3157
3120 3587	3120 3158
3121 3588	3121 3159
3122 3589	3122 3160
3123 3590	3123 3161
3124 3591	3124 3162
3125 3592	3125 3163
3126 3593	3126 3164
3127 3594	3127 3165
3128 3595	3128 3166
3129 3596	3129 3167
3130 3597	3130 3168
3131 3599	3131 3170
3132 3600	3132 3171
3133 3601	3133 3172
3134 3602	3134 3173
3135 3603	3135 3174
3136 3604	3136 3175
3137 3605	3137 3176
3138 3606	3138 3177
3139 3607	3139 3178
3140 3608	3140 3179
3141 3609	3141 3180
3142 3610	3142 3181
3143 3611	3143 3182
3144 3612	3144 3183
3145 3613	3145 3184
3147 3614	3147 3185
3148 3615	3148 3186
3149 3616	3149 3187
3150 3617	3150 3188
3151 3618	3151 3189
3152 3619	3152 3190
3153 3620	3153 3191
3154 3621	3154 3192
3155 3622	3155 3193
3156 3623	3156 3194
3157 3624	3157 3195
3158 3625	3158 3196
3159 3626	3159 3197
3160 3627	3160 3198
3161 3628	3161 3199
3162 3629	3162 3200
3163 3630	3163 3201
3164 3631	3164 3202
3165 3632	3165 3203
3166 3633	3166 3204
3167 3634	3167 3205
3168 3635	3168 3206
3169 3636	3169 3207
3170 3637	3170 3208
3171 3638	3171 3209
3172 3639	3172 3210
3173 3640	3173 3211
3174 3641	3174 3212
3175 3642	3175 3213
3176 3643	3176 3214
3177 3644	3177 3215
3178 3645	3178 3216
3179 3646	3179 3217
3180 3647	3180 3218
3181 3648	3181 3219
3182 3649	3182 3220
3183 3650	3183 3221
3184 3651	3184 3222
3185 3652	3185 3223
3186 3653	3186 3224
3187 3654	3187 3225
3188 3655	3188 3226
3190 3656	3190 3227
3191 3657	3191 3228
3192 3658	3192 3229
3193 3659	3193 3230
3194 3660	3194 3231
3195 3661	3195 3232
3196 3662	3196 3232
3197 3664	3197 3234
3198 3665	3198 3235
3199 3666	3199 3236
3200 3667	3200 3237
3201 3668	3201 3238
3202 3669	3202 3239
3203 3670	3203 3240
3204 3671	3204 3241
3205 3672	3205 3242
3206 3673	3206 3243
3207 3674	3207 3244
3208 3675	3208 3245
3209 3676	3209 3246
3210 3677	3210 3247
3211 3678	3211 3248
3212 3679	3212 3249
3213 3680	3213 3250
3214 3681	3214 3251
3215 3682	3215 3252
3216 3683	3216 3253
3217 3684	3217 3254
3218 3685	3218 3255
3219 3686	3219 3256
3220 3687	3220 3257
3221 3688	3221 3258
3222 3689	3222 3259
3223 3690	3223 3260
3224 3691	3224 3261
3225 3692	3225 3262
3226 3693	3226 3263
3227 3694	3227 3264
3228 3695	3228 3265
3229 3696	3229 3266
3230 3697	3230 3267
3231 3698	3231 3268
3233 3699	3233 3269
3234 3700	3234 3270
3235 3701	3235 3271
3236 3702	3236 3272
3237 3703	3237 3273
3238 3704	3238 3274
3239 3705	3239 3275
3240 3706	3240 3276
3241 3707	3241 3277
3242 3708	3242 3278
3243 3709	3243 3279
3244 3710	3244 3280
3245 3711	3245 3281
3246 3712	3246 3282
3247 3713	3247 3283
3248 3714	3248 3284
3249 3715	3249 3285
3250 3716	3250 3286
3251 3717	3251 3287
3252 3718	3252 3288
3253 3719	3253 3289
3254 3720	3254 3290
3255 3721	3255 3291
3256 3722	3256 3292
3257 3723	3257 3293
3258 3724	3258 3294
3259 3725	3259 3295
3260 3726	3260 3296
3261 3727	3261 3297
3262 3728	3262 3298
3263 3729	3263 3299
3264 3730	3264 3300
3265 3731	3265 3301
3266 3732	3266 3302
3267 3733	3267 3303
3268 3734	3268 3304
3269 3735	3269 3305
3270 3736	3270 3306
3271 3737	3271 3307
3272 3738	3272 3309
3273 3739	3273 3310
3274 3740	3274 3311
3276 3741	3276 3312
3277 3742	3277 3313
3278 3743	3278 3314
3279 3744	3279 3315
3280 3745	3280 3316
3281 3746	3281 3317
3282 3747	3282 3318
3283 3748	3283 3319
3284 3749	3284 3320
3285 3750	3285 3321
3286 3751	3286 3322
3287 3752	3287 3323
3288 3753	3288 3324
3289 3754	3289 3325
3290 3755	3290 3326
3291 3756	3291 3327
3292 3757	3292 3328
3293 3758	3293 3329
3294 3759	3294 3330
3295 3760	3295 3331
3296 3761	3296 3332
3297 3762	3297 3333
3298 3763	3298 3334
3299 3764	3299 3335
3300 3765	3300 3336
3301 3766	3301 3337
3302 3767	3302 3338
3303 3768	3303 3339
3304 3769	3304 3340
3305 3770	3305 3341
3306 3771	3306 3342
3307 3772	3307 3343
3308 3773	3308 3344
3309 3774	3309 3345
3310 3775	3310 3346
3311 3776	3311 3347
3312 3777	3312 3348
3313 3778	3313 3349
3314 3779	3314 3350
3315 3780	3315 3351
3316 3781	3316 3352
3317 3782	3317 3353
3318 3783	3318 3354
3320 3784	3320 3355
3321 3785	3321 3356
3322 3786	3322 3357
3323 3787	3323 3358
3324 3788	3324 3359
3325 3789	3325 3360
3326 3790	3326 3361
3327 3791	3327 3362
3328 3792	3328 3363
3329 3793	3329 3364
3330 3794	3330 3365
3331 3795	3331 3366
3332 3796	3332 3367
3333 3797	3333 3368
3334 3798	3334 3369
3335 3799	3335 3370
3336 3800	3336 3371
3337 3801	3337 3372
3338 3802	3338 3373
3339 3803	3339 3374
3340 3804	3340 3375
3341 3805	3341 3376
3342 3806	3342 3377
3343 3807	3343 3378
3344 3808	3344 3379
3345 3809	3345 3380
3346 3810	3346 3381
3347 3811	3347 3382
3348 3812	3348 3383
3349 3813	3349 3384
3350 3814	3350 3385
3351 3815	3351 3386
3352 3816	3352 3387
3353 3817	3353 3388
3354 3818	3354 3389
3355 3819	3355 3390
3356 3820	3356 3391
3357 3821	3357 3392
3358 3822	3358 3393
3359 3823	3359 3394
3360 3824	3360 3395
3361 3825	3361 3396
3363 3826	3363 3397
3364 3827	3364 3398
3365 3828	3365 3399
3366 3829	3366 3400
3367 3830	3367 3401
3368 3831	3368 3402
3369 3832	3369 3403
3370 3833	3370 3404
3371 3834	3371 3405
3372 3835	3372 3406
3373 3836	3373 3407
3374 3837	3374 3408
3375 3838	3375 3409
3376 3839	3376 3410
3377 3840	3377 3411
3378 3841	3378 3412
3379 3842	3379 3413
3380 3843	3380 3414
3381 3844	3381 3416
3382 3845	3382 3417
3383 3846	3383 3418
3384 3847	3384 3419
3385 3848	3385 3420
3386 3849	3386 3421
3387 3850	3387 3422
3388 3851	3388 3423
3389 3852	3389 3424
3390 3853	3390 3425
3391 3854	3391 3426
3392 3855	3392 3427
3393 3856	3393 3428
3394 3857	3394 3429
3395 3858	3395 3430
3396 3859	3396 3431
3397 3860	3397 3432
3398 3860	3398 3432
3399 3861	3399 3433
3400 3862	3400 3434
3401 3863	3401 3435
3402 3864	3402 3436
3403 3865	3403 3437
3404 3866	3404 3438
3406 3867	3406 3439
3407 3868	3407 3440
3408 3869	3408 3441
3409 3870	3409 3442
3410 3871	3410 3443
3411 3872	3411 3444
3412 3873	3412 3445
3413 3874	3413 3446
3414 3875	3414 3447
3415 3876	3415 3448
3416 3877	3416 3449
3417 3878	3417 3450
3418 3879	3418 3451
3419 3880	3419 3452
3420 3881	3420 3453
3421 3882	3421 3454
3422 3883	3422 3455
3423 3884	3423 3456
3424 3885	3424 3457
3425 3886	3425 3458
3426 3887	3426 3459
3427 3888	3427 3460
3428 3889	3428 3461
3429 3890	3429 3462
3430 3891	3430 3463
3431 3892	3431 3464
3432 3893	3432 3465
3433 3894	3433 3466
3434 3895	3434 3467
3435 3896	3435 3468
3436 3897	3436 3469
3437 3898	3437 3470
3438 3899	3438 3472
3439 3900	3439 3473
3440 3901	3440 3474
3441 3902	3441 3475
3442 3903	3442 3476
3443 3904	3443 3477
3444 3905	3444 3478
3445 3906	3445 3479
3446 3907	3446 3480
3447 3908	3447 3481
3449 3909	3449 3482
3450 3910	3450 3483
3451 3911	3451 3484
3452 3912	3452 3485
3453 3913	3453 3486
3454 3914	3454 3487
3455 3915	3455 3488
3456 3916	3456 3489
3457 3917	3457 3490
3458 3918	3458 3491
3459 3919	3459 3492
3460 3920	3460 3493
3461 3921	3461 3494
3462 3922	3462 3495
3463 3923	3463 3496
3464 3924	3464 3497
3465 3924	3465 3497
3466 3925	3466 3498
3467 3926	3467 3499
3468 3927	3468 3500
3469 3928	3469 3501
3470 3929	3470 3502
3471 3930	3471 3503
3472 3931	3472 3504
3473 3932	3473 3505
3474 3933	3474 3506
3475 3934	3475 3507
3476 3935	3476 3508
3477 3936	3477 3509
3478 3937	3478 3510
3479 3938	3479 3511
3480 3939	3480 3512
3481 3940	3481 3513
3482 3941	3482 3514
3483 3942	3483 3516
3484 3943	3484 3517
3485 3944	3485 3518
3486 3945	3486 3519
3487 3946	3487 3520
3488 3947	3488 3521
3489 3948	3489 3522
3490 3949	3490 3523
3492 3950	3492 3524
3493 3951	3493 3525
3494 3952	3494 3526
3495 3953	3495 3527
3496 3954	3496 3528
3497 3955	3497 3529
3498 3956	3498 3530
3499 3957	3499 3531
3500 3958	3500 3532
3501 3959	3501 3533
3502 3960	3502 3534
3503 3961	3503 3535
3504 3962	3504 3536
3505 3963	3505 3537
3506 3964	3506 3538
3507 3965	3507 3539
3508 3966	3508 3540
3509 3967	3509 3541
3510 3968	3510 3542
3511 3968	3511 3542
3512 3969	3512 3543
3513 3970	3513 3544
3514 3971	3514 3545
3515 3972	3515 3546
3516 3973	3516 3547
3517 3974	3517 3548
3518 3975	3518 3549
3519 3976	3519 3550
3520 3977	3520 3552
3521 3978	3521 3553
3522 3979	3522 3554
3523 3980	3523 3555
3524 3981	3524 3556
3525 3982	3525 3557
3526 3983	3526 3558
3527 3984	3527 3559
3528 3985	3528 3560
3529 3986	3529 3561
3530 3987	3530 3562
3531 3988	3531 3563
3532 3989	3532 3564
3533 3990	3533 3565
3535 3991	3535 3566
3536 3992	3536 3567
3537 3993	3537 3568
3538 3994	3538 3569
3539 3995	3539 3570
3540 3996	3540 3571
3541 3997	3541 3572
3542 3998	3542 3573
3543 3999	3543 3574
3544 4000	3544 3575
3545 4001	3545 3576
3546 4002	3546 3577
3547 4003	3547 3578
3548 4004	3548 3579
3549 4005	3549 3580
3550 4005	3550 3580
3551 4006	3551 3581
3552 4007	3552 3582
3553 4008	3553 3583
3554 4009	3554 3585
3555 4010	3555 3586
3556 4011	3556 3587
3557 4012	3557 3588
3558 4013	3558 3589
3559 4014	3559 3590
3560 4015	3560 3591
3561 4016	3561 3592
3562 4017	3562 3593
3563 4018	3563 3594
3564 4019	3564 3595
3565 4020	3565 3596
3566 4021	3566 3597
3567 4022	3567 3598
3568 4023	3568 3599
3569 4024	3569 3600
3570 4025	3570 3601
3571 4026	3571 3602
3572 4027	3572 3603
3573 4028	3573 3604
3574 4029	3574 3605
3575 4030	3575 3606
3576 4031	3576 3607
3578 4032	3578 3608
3579 4033	3579 3609
3580 4034	3580 3610
3581 4035	3581 3611
3582 4036	3582 3612
3583 4036	3583 3612
3584 4037	3584 3614
3585 4038	3585 3615
3586 4039	3586 3616
3587 4040	3587 3617
3588 4041	3588 3618
3589 4042	3589 3619
3590 4043	3590 3620
3591 4044	3591 3621
3592 4045	3592 3622
3593 4046	3593 3623
3594 4047	3594 3624
3595 4048	3595 3625
3596 4049	3596 3626
3597 4050	3597 3627
3598 4051	3598 3628
3599 4052	3599 3629
3600 4053	3600 3630
3601 4054	3601 3631
3602 4055	3602 3632
3603 4056	3603 3633
3604 4057	3604 3634
3605 4058	3605 3635
3606 4059	3606 3636
3607 4060	3607 3637
3608 4061	3608 3638
3609 4062	3609 3639
3610 4063	3610 3640
3611 4064	3611 3642
3612 4064	3612 3642
3613 4065	3613 3643
3614 4066	3614 3644
3615 4067	3615 3645
3616 4068	3616 3646
3617 4069	3617 3647
3618 4070	3618 3648
3619 4071	3619 3649
3621 4072	3621 3650
3622 4073	3622 3651
3623 4074	3623 3652
3624 4075	3624 3653
3625 4076	3625 3654
3626 4077	3626 3655
3627 4078	3627 3656
3628 4079	3628 3657
3629 4080	3629 3658
3630 4081	3630 3659
3631 4082	3631 3660
3632 4083	3632 3661
3633 4084	3633 3662
3634 4085	3634 3663
3635 4086	3635 3664
3636 4087	3636 3665
3637 4088	3637 3666
3638 4089	3638 3668
3639 4090	3639 3669
3640 4090	3640 3669
3641 4091	3641 3670
3642 4092	3642 3671
3643 4093	3643 3672
3644 4094	3644 3673
3645 4095	3645 3674
3646 4095	3646 3674
3647 4095	3647 3674
3648 4095	3648 3674
3649 4095	3649 3674
3650 4095	3650 3674
3651 4095	3651 3674
3652 4095	3652 3674
3653 4095	3653 3674
3654 4095	3654 3674
3655 4095	3655 3674
3656 4095	3656 3674
3657 4095	3657 3674
3658 4095	3658 3674
3659 4095	3659 3674
3660 4095	3660 3674
3661 4095	3661 3675
3662 4095	3662 3675
3664 4095	3664 3675
3665 4095	3665 3675
3666 4095	3666 3675
3667 4095	3667 3675
3668 4095	3668 3675
3669 4095	3669 3675
3670 4095	3670 3675
3671 4095	3671 3675
3672 4095	3672 3675
3673 4095	3673 3675
3674 4095	3674 3675
3675 4095	3675 3675
3676 4095	3676 3675
3677 4095	3677 3675
3678 4095	3678 3675
3679 4095	3679 3675
3680 4095	3680 3675
3681 4095	3681 3675
3682 4095	3682 3675
3683 4095	3683 3675
3684 4095	3684 3675
3685 4095	3685 3676
3686 4095	3686 3676
3687 4095	3687 3676
3688 4095	3688 3676
3689 4095	3689 3676
3690 4095	3690 3676
3691 4095	3691 3676
3692 4095	3692 3676
3693 4095	3693 3676
3694 4095	3694 3676
3695 4095	3695 3676
3696 4095	3696 3676
3697 4095	3697 3676
3698 4095	3698 3676
3699 4095	3699 3676
3700 4095	3700 3676
3701 4095	3701 3676
3702 4095	3702 3676
3703 4095	3703 3676
3704 4095	3704 3676
3705 4095	3705 3676
3706 4095	3706 3677
3708 4095	3708 3677
3709 4095	3709 3677
3710 4095	3710 3677
3711 4095	3711 3677
3712 4095	3712 3677
3713 4095	3713 3677
3714 4095	3714 3677
3715 4095	3715 3677
3716 4095	3716 3677
3717 4095	3717 3677
3718 4095	3718 3677
3719 4095	3719 3677
3720 4095	3720 3677
3721 4095	3721 3677
3722 4095	3722 3677
3723 4095	3723 3677
3724 4095	3724 3677
3725 4095	3725 3677
3726 4095	3726 3677
3727 4095	3727 3677
3728 4095	3728 3678
3729 4095	3729 3678
3730 4095	3730 3678
3731 4095	3731 3678
3732 4095	3732 3678
3733 4095	3733 3678
3734 4095	3734 3678
3735 4095	3735 3678
3736 4095	3736 3678
3737 4095	3737 3678
3738 4095	3738 3678
3739 4095	3739 3678
3740 4095	3740 3678
3741 4095	3741 3678
3742 4095	3742 3678
3743 4095	3743 3678
3744 4095	3744 3678
3745 4095	3745 3678
3746 4095	3746 3678
3747 4095	3747 3679
3748 4095	3748 3679
3749 4095	3749 3679
3751 4095	3751 3679
3752 4095	3752 3679
3753 4095	3753 3679
3754 4095	3754 3679
3755 4095	3755 3679
3756 4095	3756 3679
3757 4095	3757 3679
3758 4095	3758 3679
3759 4095	3759 3679
3760 4095	3760 3679
3761 4095	3761 3679
3762 4095	3762 3679
3763 4095	3763 3679
3764 4095	3764 3679
3765 4095	3765 3679
3766 4095	3766 3679
3767 4095	3767 3680
3768 4095	3768 3680
3769 4095	3769 3680
3770 4095	3770 3680
3771 4095	3771 3680
3772 4095	3772 3680
3773 4095	3773 3680
3774 4095	3774 3680
3775 4095	3775 3680
3776 4095	3776 3680
3777 4095	3777 3680
3778 4095	3778 3680
3779 4095	3779 3680
3780 4095	3780 3680
3781 4095	3781 3680
3782 4095	3782 3680
3783 4095	3783 3680
3784 4095	3784 3680
3785 4095	3785 3681
3786 4095	3786 3681
3787 4095	3787 3681
3788 4095	3788 3681
3789 4095	3789 3681
3790 4095	3790 3681
3791 4095	3791 3681
3792 4095	3792 3681
3794 4095	3794 3681
3795 4095	3795 3681
3796 4095	3796 3681
3797 4095	3797 3681
3798 4095	3798 3681
3799 4095	3799 3681
3800 4095	3800 3681
3801 4095	3801 3681
3802 4095	3802 3681
3803 4095	3803 3681
3804 4095	3804 3682
3805 4095	3805 3682
3806 4095	3806 3682
3807 4095	3807 3682
3808 4095	3808 3682
3809 4095	3809 3682
3810 4095	3810 3682
3811 4095	3811 3682
3812 4095	3812 3682
3813 4095	3813 3682
3814 4095	3814 3682
3815 4095	3815 3682
3816 4095	3816 3682
3817 4095	3817 3682
3818 4095	3818 3682
3819 4095	3819 3682
3820 4095	3820 3682
3821 4095	3821 3683
3822 4095	3822 3683
3823 4095	3823 3683
3824 4095	3824 3683
3825 4095	3825 3683
3826 4095	3826 3683
3827 4095	3827 3683
3828 4095	3828 3683
3829 4095	3829 3683
3830 4095	3830 3683
3831 4095	3831 3683
3832 4095	3832 3683
3833 4095	3833 3683
3834 4095	3834 3683
3835 4095	3835 3683
3837 4095	3837 3683
3838 4095	3838 3684
3839 4095	3839 3684
3840 4095	3840 3684
3841 4095	3841 3684
3842 4095	3842 3684
3843 4095	3843 3684
3844 4095	3844 3684
3845 4095	3845 3684
3846 4095	3846 3684
3847 4095	3847 3684
3848 4095	3848 3684
3849 4095	3849 3684
3850 4095	3850 3684
3851 4095	3851 3684
3852 4095	3852 3684
3853 4095	3853 3684
3854 4095	3854 3685
3855 4095	3855 3685
3856 4095	3856 3685
3857 4095	3857 3685
3858 4095	3858 3685
3859 4095	3859 3685
3860 4095	3860 3685
3861 4095	3861 3685
3862 4095	3862 3685
3863 4095	3863 3685
3864 4095	3864 3685
3865 4095	3865 3685
3866 4095	3866 3685
3867 4095	3867 3685
3868 4095	3868 3685
3869 4095	3869 3685
3870 4095	3870 3686
3871 4095	3871 3686
3872 4095	3872 3686
3873 4095	3873 3686
3874 4095	3874 3686
3875 4095	3875 3686
3876 4095	3876 3686
3877 4095	3877 3686
3878 4095	3878 3686
3880 4095	3880 3686
3881 4095	3881 3686
3882 4095	3882 3686
3883 4095	3883 3686
3884 4095	3884 3686
3885 4095	3885 3686
3886 4095	3886 3687
3887 4095	3887 3687
3888 4095	3888 3687
3889 4095	3889 3687
3890 4095	3890 3687
3891 4095	3891 3687
3892 4095	3892 3687
3893 4095	3893 3687
3894 4095	3894 3687
3895 4095	3895 3687
3896 4095	3896 3687
3897 4095	3897 3687
3898 4095	3898 3687
3899 4095	3899 3687
3900 4095	3900 3687
3901 4095	3901 3688
3902 4095	3902 3688
3903 4095	3903 3688
3904 4095	3904 3688
3905 4095	3905 3688
3906 4095	3906 3688
3907 4095	3907 3688
3908 4095	3908 3688
3909 4095	3909 3688
3910 4095	3910 3688
3911 4095	3911 3688
3912 4095	3912 3688
3913 4095	3913 3688
3914 4095	3914 3688
3915 4095	3915 3688
3916 4095	3916 3689
3917 4095	3917 3689
3918 4095	3918 3689
3919 4095	3919 3689
3920 4095	3920 3689
3921 4095	3921 3689
3923 4095	3923 3689
3924 4095	3924 3689
3925 4095	3925 3689
3926 4095	3926 3689
3927 4095	3927 3689
3928 4095	3928 3689
3929 4095	3929 3689
3930 4095	3930 3689
3931 4095	3931 3690
3932 4095	3932 3690
3933 4095	3933 3690
3934 4095	3934 3690
3935 4095	3935 3690
3936 4095	3936 3690
3937 4095	3937 3690
3938 4095	3938 3690
3939 4095	3939 3690
3940 4095	3940 3690
3941 4095	3941 3690
3942 4095	3942 3690
3943 4095	3943 3690
3944 4095	3944 3690
3945 4095	3945 3691
3946 4095	3946 3691
3947 4095	3947 3691
3948 4095	3948 3691
3949 4095	3949 3691
3950 4095	3950 3691
3951 4095	3951 3691
3952 4095	3952 3691
3953 4095	3953 3691
3954 4095	3954 3691
3955 4095	3955 3691
3956 4095	3956 3691
3957 4095	3957 3691
3958 4095	3958 3691
3959 4095	3959 3692
3960 4095	3960 3692
3961 4095	3961 3692
3962 4095	3962 3692
3963 4095	3963 3692
3964 4095	3964 3692
3966 4095	3966 3692
3967 4095	3967 3692
3968 4095	3968 3692
3969 4095	3969 3692
3970 4095	3970 3692
3971 4095	3971 3692
3972 4095	3972 3692
3973 4095	3973 3692
3974 4095	3974 3693
3975 4095	3975 3693
3976 4095	3976 3693
3977 4095	3977 3693
3978 4095	3978 3693
3979 4095	3979 3693
3980 4095	3980 3693
3981 4095	3981 3693
3982 4095	3982 3693
3983 4095	3983 3693
3984 4095	3984 3693
3985 4095	3985 3693
3986 4095	3986 3693
3987 4095	3987 3694
3988 4095	3988 3694
3989 4095	3989 3694
3990 4095	3990 3694
3991 4095	3991 3694
3992 4095	3992 3694
3993 4095	3993 3694
3994 4095	3994 3694
3995 4095	3995 3694
3996 4095	3996 3694
3997 4095	3997 3694
3998 4095	3998 3694
3999 4095	3999 3694
4000 4095	4000 3695
4001 4095	4001 3695
4002 4095	4002 3695
4003 4095	4003 3695
4004 4095	4004 3695
4005 4095	4005 3695
4006 4095	4006 3695
4007 4095	4007 3695
4009 4095	4009 3695
4010 4095	4010 3695
4011 4095	4011 3695
4012 4095	4012 3695
