81 164
82 165
83 167
84 167
85 168
87 169
88 171
89 171
90 172
91 174
92 174
93 175
94 176
95 177
96 178
97 179
98 179
99 181
100 182
101 182
102 183
103 185
104 185
105 186
106 188
107 188
108 189
109 190
110 192
111 192
112 193
113 194
114 195
115 196
116 197
117 197
118 199
119 200
120 200
121 202
122 203
123 203
124 204
125 206
126 206
127 207
128 208
130 210
131 210
132 211
133 212
134 213
135 214
136 215
137 216
138 217
139 218
140 218
141 220
142 221
143 221
144 222
145 224
146 224
147 225
148 226
149 228
150 228
151 229
152 231
153 231
154 232
155 233
156 234
157 235
158 236
159 236
160 238
161 239
162 240
163 240
164 242
165 243
166 243
167 245
168 246
169 246
170 247
171 249
173 249
174 250
175 251
176 252
177 253
178 254
179 255
180 256
181 257
182 258
183 259
184 260
185 261
186 261
187 263
188 264
189 264
190 265
191 267
192 268
193 268
194 269
195 271
196 271
197 272
198 274
199 274
200 275
201 276
202 277
203 278
204 279
205 280
206 281
207 282
208 283
209 283
210 285
211 286
212 286
213 288
214 289
216 289
217 290
218 292
219 293
220 293
221 294
222 296
223 296
224 297
225 298
226 299
227 300
228 301
229 301
230 303
231 304
232 305
233 306
234 307
235 308
236 308
237 310
238 311
239 311
240 312
241 314
242 315
243 315
244 316
245 318
246 318
247 319
248 321
249 321
250 322
251 323
252 325
253 325
254 326
255 327
256 328
257 329
259 330
260 330
261 332
262 333
263 333
264 335
265 336
266 337
267 337
268 339
269 340
270 340
271 341
272 343
273 343
274 344
275 345
276 347
277 347
278 348
279 349
280 350
281 351
282 352
283 353
284 354
285 355
286 356
287 358
288 359
289 360
290 360
291 362
292 363
293 363
294 364
295 366
296 367
297 367
298 368
299 370
300 370
302 371
303 373
304 374
305 374
306 375
307 377
308 377
309 378
310 379
311 380
312 381
313 382
314 383
315 384
316 385
317 386
318 387
319 388
320 389
321 389
322 391
323 392
324 393
325 393
326 395
327 396
328 396
329 397
330 399
331 400
332 400
333 401
334 403
335 403
336 404
337 406
338 406
339 407
340 408
341 410
342 410
343 411
345 412
346 413
347 414
348 415
349 416
350 417
351 418
352 419
353 419
354 421
355 422
356 423
357 424
358 425
359 426
360 426
361 428
362 429
363 429
364 430
365 432
366 433
367 433
368 434
369 436
370 436
371 437
372 438
373 440
374 440
375 441
376 443
377 443
378 444
379 445
380 447
381 447
382 448
383 449
384 450
385 451
386 452
388 453
389 454
390 455
391 456
392 456
393 458
394 459
395 459
396 461
397 462
398 463
399 463
400 465
401 466
402 466
403 467
404 469
405 470
406 470
407 471
408 473
409 473
410 474
411 475
412 477
413 477
414 478
415 479
416 480
417 481
418 482
419 484
420 484
421 485
422 486
423 487
424 488
425 489
426 490
427 491
428 492
429 493
430 493
432 495
433 496
434 497
435 497
436 499
437 500
438 500
439 501
440 503
441 504
442 504
443 506
444 507
445 508
446 508
447 510
448 511
449 511
450 512
451 514
452 515
453 515
454 516
455 518
456 518
457 519
458 520
459 522
460 522
461 523
462 524
463 525
464 526
465 527
466 529
467 529
468 530
469 531
470 532
471 533
472 534
473 535
475 536
476 537
477 538
478 539
479 540
480 541
481 542
482 542
483 544
484 545
485 546
486 546
487 548
488 549
489 549
490 550
491 552
492 553
493 553
494 555
495 556
496 556
497 557
498 559
499 560
500 560
501 561
502 563
503 564
504 564
505 565
506 567
507 567
508 568
509 569
510 571
511 571
512 572
513 573
514 575
515 575
516 576
518 577
519 578
520 579
521 580
522 582
523 582
524 583
525 584
526 585
527 586
528 587
529 588
530 589
531 590
532 591
533 592
534 593
535 594
536 595
537 595
538 597
539 598
540 599
541 599
542 601
543 602
544 603
545 603
546 605
547 606
548 606
549 607
550 609
551 610
552 610
553 612
554 613
555 614
556 614
557 616
558 617
559 617
561 618
562 620
563 621
564 621
565 622
566 624
567 625
568 625
569 626
570 628
571 629
572 629
573 630
574 632
575 632
576 633
577 634
578 636
579 636
580 637
581 638
582 640
583 640
584 641
585 642
586 643
587 644
588 645
589 647
590 647
591 648
592 649
593 651
594 651
595 652
596 653
597 655
598 655
599 656
600 657
601 658
602 659
604 660
605 661
606 662
607 663
608 664
609 665
610 666
611 667
612 668
613 669
614 670
615 671
616 672
617 672
618 674
619 675
620 676
621 676
622 678
623 679
624 680
625 680
626 682
627 683
628 684
629 684
630 686
631 687
632 688
633 688
634 690
635 691
636 691
637 692
638 694
639 695
640 695
641 697
642 698
643 699
644 699
645 701
647 702
648 703
649 703
650 705
651 706
652 707
653 707
654 709
655 710
656 710
657 711
658 713
659 714
660 714
661 715
662 717
663 718
664 718
665 719
666 721
667 722
668 722
669 723
670 725
671 726
672 726
673 727
674 729
675 730
676 730
677 731
678 733
679 733
680 734
681 735
682 737
683 737
684 738
685 739
686 741
687 741
688 742
690 743
691 745
692 745
693 746
694 747
695 749
696 749
697 750
698 751
699 753
700 753
701 754
702 755
703 757
704 757
705 758
706 759
707 761
708 761
709 762
710 763
711 765
712 765
713 766
714 767
715 768
716 769
717 770
718 771
719 772
720 773
721 774
722 775
723 776
724 777
725 778
726 779
727 780
728 781
729 782
730 783
731 784
733 785
734 786
735 787
736 788
737 789
738 790
739 791
740 792
741 793
742 794
743 795
744 796
745 797
746 798
747 799
748 800
749 801
750 802
751 803
752 804
753 805
754 806
755 807
756 808
757 809
758 810
759 811
760 812
761 813
762 814
763 815
764 816
765 817
766 818
767 819
768 820
769 821
770 822
771 823
772 824
773 825
774 826
776 827
777 828
778 829
779 830
780 831
781 832
782 833
783 834
784 835
785 836
786 837
787 838
788 839
789 840
790 841
791 842
792 843
793 844
794 845
795 846
796 847
797 848
798 849
799 850
800 851
801 852
802 853
803 854
804 855
805 856
806 857
807 858
808 859
809 860
810 861
811 862
812 863
813 864
814 865
815 866
816 867
817 868
818 869
820 870
821 871
822 872
823 873
824 874
825 875
826 876
827 877
828 878
829 879
830 880
831 881
832 882
833 883
834 884
835 885
836 886
837 887
838 888
839 889
840 890
841 891
842 892
843 893
844 894
845 895
846 896
847 897
848 898
849 899
850 900
851 901
852 902
853 903
854 904
855 905
856 906
857 907
858 908
859 910
860 910
861 911
863 912
864 914
865 914
866 915
867 916
868 918
869 918
870 919
871 920
872 921
873 922
874 923
875 924
876 925
877 926
878 927
879 928
880 929
881 930
882 931
883 932
884 933
885 935
886 935
887 936
888 937
889 939
890 939
891 940
892 941
893 943
894 943
895 944
896 945
897 947
898 947
899 948
900 949
901 951
902 951
903 952
904 953
906 954
907 956
908 956
909 957
910 958
911 960
912 960
913 961
914 962
915 964
916 964
917 965
918 966
919 968
920 968
921 969
922 970
923 972
924 973
925 973
926 974
927 976
928 977
929 977
930 978
931 979
932 981
933 981
934 982
935 983
936 985
937 986
938 986
939 987
940 989
941 990
942 990
943 991
944 993
945 994
946 994
947 995
949 997
950 998
951 998
952 999
953 1000
954 1002
955 1003
956 1003
957 1004
958 1006
959 1007
960 1007
961 1008
962 1010
963 1011
964 1011
965 1012
966 1014
967 1015
968 1016
969 1016
970 1018
971 1019
972 1020
973 1020
974 1021
975 1023
976 1024
977 1025
978 1025
979 1027
980 1028
981 1029
982 1029
983 1031
984 1032
985 1033
986 1033
987 1035
988 1036
989 1037
990 1038
992 1039
993 1040
994 1041
995 1042
996 1042
997 1044
998 1045
999 1046
1000 1047
1001 1048
1002 1049
1003 1050
1004 1051
1005 1052
1006 1053
1007 1054
1008 1055
1009 1056
1010 1057
1011 1058
1012 1059
1013 1060
1014 1061
1015 1062
1016 1063
1017 1064
1018 1065
1019 1066
1020 1067
1021 1068
1022 1070
1023 1070
1024 1071
1025 1072
1026 1074
1027 1074
1028 1075
1029 1076
1030 1077
1031 1079
1032 1079
1033 1080
1035 1081
1036 1083
1037 1083
1038 1084
1039 1085
1040 1087
1041 1088
1042 1088
1043 1089
1044 1090
1045 1092
1046 1092
1047 1093
1048 1094
1049 1096
1050 1097
1051 1097
1052 1098
1053 1100
1054 1101
1055 1101
1056 1102
1057 1103
1058 1105
1059 1106
1060 1106
1061 1107
1062 1109
1063 1110
1064 1110
1065 1111
1066 1113
1067 1114
1068 1115
1069 1115
1070 1117
1071 1118
1072 1119
1073 1119
1074 1120
1075 1122
1076 1123
1078 1124
1079 1124
1080 1126
1081 1127
1082 1128
1083 1128
1084 1130
1085 1131
1086 1132
1087 1133
1088 1133
1089 1135
1090 1136
1091 1137
1092 1138
1093 1139
1094 1140
1095 1141
1096 1142
1097 1142
1098 1144
1099 1145
1100 1146
1101 1147
1102 1148
1103 1149
1104 1150
1105 1151
1106 1153
1107 1153
1108 1154
1109 1155
1110 1156
1111 1157
1112 1158
1113 1159
1114 1160
1115 1162
1116 1162
1117 1163
1118 1164
1119 1166
1121 1166
1122 1167
1123 1168
1124 1169
1125 1171
1126 1171
1127 1172
1128 1173
1129 1175
1130 1176
1131 1176
1132 1177
1133 1178
1134 1180
1135 1181
1136 1181
1137 1182
1138 1184
1139 1185
1140 1185
1141 1186
1142 1188
1143 1189
1144 1190
1145 1190
1146 1191
1147 1193
1148 1194
1149 1195
1150 1195
1151 1197
1152 1198
1153 1199
1154 1199
1155 1200
1156 1202
1157 1203
1158 1204
1159 1204
1160 1206
1161 1207
1162 1208
1164 1209
1165 1209
1166 1211
1167 1212
1168 1213
1169 1214
1170 1215
1171 1216
1172 1217
1173 1218
1174 1219
1175 1220
1176 1221
1177 1222
1178 1223
1179 1224
1180 1225
1181 1226
1182 1227
1183 1229
1184 1229
1185 1230
1186 1231
1187 1232
1188 1234
1189 1234
1190 1235
1191 1236
1192 1238
1193 1239
1194 1239
1195 1240
1196 1241
1197 1243
1198 1244
1199 1244
1200 1245
1201 1247
1202 1248
1203 1248
1204 1249
1205 1250
1207 1252
1208 1253
1209 1253
1210 1254
1211 1256
1212 1257
1213 1258
1214 1258
1215 1259
1216 1261
1217 1262
1218 1263
1219 1263
1220 1265
1221 1266
1222 1267
1223 1268
1224 1268
1225 1270
1226 1271
1227 1272
1228 1273
1229 1273
1230 1275
1231 1276
1232 1277
1233 1278
1234 1279
1235 1280
1236 1281
1237 1282
1238 1283
1239 1284
1240 1285
1241 1286
1242 1287
1243 1289
1244 1289
1245 1290
1246 1291
1247 1292
1248 1294
1249 1294
1251 1295
1252 1296
1253 1298
1254 1299
1255 1299
1256 1300
1257 1301
1258 1303
1259 1304
1260 1304
1261 1305
1262 1307
1263 1308
1264 1309
1265 1309
1266 1310
1267 1312
1268 1313
1269 1314
1270 1314
1271 1315
1272 1317
1273 1318
1274 1319
1275 1319
1276 1321
1277 1322
1278 1323
1279 1324
1280 1324
1281 1326
1282 1327
1283 1328
1284 1329
1285 1329
1286 1331
1287 1332
1288 1333
1289 1334
1290 1335
1291 1336
1292 1337
1294 1338
1295 1339
1296 1340
1297 1341
1298 1342
1299 1343
1300 1345
1301 1345
1302 1346
1303 1347
1304 1348
1305 1350
1306 1350
1307 1351
1308 1352
1309 1353
1310 1355
1311 1355
1312 1356
1313 1357
1314 1359
1315 1360
1316 1360
1317 1361
1318 1362
1319 1364
1320 1365
1321 1366
1322 1366
1323 1367
1324 1369
1325 1370
1326 1371
1327 1371
1328 1372
1329 1374
1330 1375
1331 1376
1332 1376
1333 1378
1334 1379
1335 1380
1337 1381
1338 1381
1339 1383
1340 1384
1341 1385
1342 1386
1343 1386
1344 1388
1345 1389
1346 1390
1347 1391
1348 1392
1349 1393
1350 1394
1351 1395
1352 1396
1353 1398
1354 1398
1355 1399
1356 1400
1357 1401
1358 1403
1359 1403
1360 1404
1361 1405
1362 1406
1363 1408
1364 1408
1365 1409
1366 1410
1367 1412
1368 1413
1369 1414
1370 1414
1371 1415
1372 1417
1373 1418
1374 1419
1375 1419
1376 1420
1377 1422
1378 1423
1380 1424
1381 1424
1382 1425
1383 1427
1384 1428
1385 1429
1386 1429
1387 1430
1388 1432
1389 1433
1390 1434
1391 1435
1392 1436
1393 1437
1394 1438
1395 1439
1396 1440
1397 1441
1398 1442
1399 1443
1400 1444
1401 1445
1402 1447
1403 1447
1404 1448
1405 1449
1406 1450
1407 1452
1408 1452
1409 1453
1410 1454
1411 1455
1412 1457
1413 1457
1414 1458
1415 1459
1416 1460
1417 1462
1418 1463
1419 1463
1420 1464
1421 1465
1423 1467
1424 1468
1425 1468
1426 1469
1427 1471
1428 1472
1429 1473
1430 1474
1431 1474
1432 1476
1433 1477
1434 1478
1435 1479
1436 1479
1437 1481
1438 1482
1439 1483
1440 1484
1441 1485
1442 1486
1443 1487
1444 1488
1445 1489
1446 1490
1447 1491
1448 1492
1449 1493
1450 1494
1451 1495
1452 1497
1453 1497
1454 1498
1455 1499
1456 1500
1457 1502
1458 1502
1459 1503
1460 1504
1461 1505
1462 1507
1463 1508
1464 1508
1466 1509
1467 1510
1468 1512
1469 1513
1470 1513
1471 1514
1472 1515
1473 1517
1474 1518
1475 1519
1476 1519
1477 1520
1478 1522
1479 1523
1480 1524
1481 1525
1482 1525
1483 1527
1484 1528
1485 1529
1486 1530
1487 1530
1488 1532
1489 1533
1490 1534
1491 1535
1492 1536
1493 1537
1494 1538
1495 1539
1496 1540
1497 1541
1498 1543
1499 1543
1500 1544
1501 1545
1502 1546
1503 1548
1504 1548
1505 1549
1506 1550
1507 1551
1509 1553
1510 1554
1511 1554
1512 1555
1513 1556
1514 1558
1515 1559
1516 1560
1517 1560
1518 1561
1519 1563
1520 1564
1521 1565
1522 1565
1523 1566
1524 1568
1525 1569
1526 1570
1527 1571
1528 1571
1529 1573
1530 1574
1531 1575
1532 1576
1533 1577
1534 1578
1535 1579
1536 1580
1537 1581
1538 1582
1539 1583
1540 1584
1541 1585
1542 1586
1543 1587
1544 1588
1545 1590
1546 1590
1547 1591
1548 1592
1549 1593
1550 1595
1552 1596
1553 1596
1554 1597
1555 1598
1556 1600
1557 1601
1558 1601
1559 1602
1560 1603
1561 1605
1562 1606
1563 1607
1564 1607
1565 1608
1566 1610
1567 1611
1568 1612
1569 1613
1570 1613
1571 1614
1572 1616
1573 1617
1574 1618
1575 1619
1576 1619
1577 1621
1578 1622
1579 1623
1580 1624
1581 1625
1582 1626
1583 1627
1584 1628
1585 1629
1586 1630
1587 1632
1588 1632
1589 1633
1590 1634
1591 1635
1592 1637
1593 1638
1595 1638
1596 1639
1597 1640
1598 1641
1599 1643
1600 1644
1601 1644
1602 1645
1603 1646
1604 1648
1605 1649
1606 1650
1607 1650
1608 1651
1609 1653
1610 1654
1611 1655
1612 1656
1613 1656
1614 1657
1615 1659
1616 1660
1617 1661
1618 1662
1619 1662
1620 1664
1621 1665
1622 1666
1623 1667
1624 1668
1625 1669
1626 1670
1627 1671
1628 1672
1629 1673
1630 1674
1631 1676
1632 1676
1633 1677
1634 1678
1635 1679
1636 1681
1637 1682
1639 1682
1640 1683
1641 1684
1642 1686
1643 1687
1644 1688
1645 1688
1646 1689
1647 1690
1648 1692
1649 1693
1650 1694
1651 1694
1652 1695
1653 1697
1654 1698
1655 1699
1656 1700
1657 1700
1658 1701
1659 1703
1660 1704
1661 1705
1662 1706
1663 1707
1664 1708
1665 1709
1666 1710
1667 1711
1668 1712
1669 1714
1670 1714
1671 1715
1672 1716
1673 1717
1674 1718
1675 1720
1676 1720
1677 1721
1678 1722
1679 1723
1680 1725
1682 1726
1683 1727
1684 1727
1685 1728
1686 1729
1687 1731
1688 1732
1689 1733
1690 1733
1691 1734
1692 1736
1693 1737
1694 1738
1695 1739
1696 1739
1697 1740
1698 1742
1699 1743
1700 1744
1701 1745
1702 1746
1703 1747
1704 1748
1705 1749
1706 1750
1707 1751
1708 1752
1709 1753
1710 1754
1711 1755
1712 1756
1713 1757
1714 1758
1715 1760
1716 1760
1717 1761
1718 1762
1719 1763
1720 1765
1721 1766
1722 1766
1723 1767
1725 1768
1726 1769
1727 1771
1728 1772
1729 1773
1730 1773
1731 1774
1732 1776
1733 1777
1734 1778
1735 1779
1736 1779
1737 1780
1738 1782
1739 1783
1740 1784
1741 1785
1742 1786
1743 1786
1744 1788
1745 1789
1746 1790
1747 1791
1748 1792
1749 1794
1750 1794
1751 1795
1752 1796
1753 1797
1754 1798
1755 1800
1756 1800
1757 1801
1758 1802
1759 1803
1760 1804
1761 1806
1762 1807
1763 1807
1764 1808
1765 1809
1766 1810
1768 1812
1769 1813
1770 1814
1771 1814
1772 1815
1773 1817
1774 1818
1775 1819
1776 1820
1777 1820
1778 1821
1779 1823
1780 1824
1781 1825
1782 1826
1783 1827
1784 1827
1785 1829
1786 1830
1787 1831
1788 1832
1789 1833
1790 1834
1791 1835
1792 1836
1793 1837
1794 1838
1795 1839
1796 1840
1797 1842
1798 1842
1799 1843
1800 1844
1801 1845
1802 1846
1803 1848
1804 1849
1805 1849
1806 1850
1807 1851
1808 1853
1809 1854
1811 1855
1812 1856
1813 1856
1814 1857
1815 1859
1816 1860
1817 1861
1818 1862
1819 1863
1820 1863
1821 1865
1822 1866
1823 1867
1824 1868
1825 1869
1826 1870
1827 1871
1828 1872
1829 1873
1830 1874
1831 1875
1832 1876
1833 1878
1834 1878
1835 1879
1836 1880
1837 1881
1838 1882
1839 1884
1840 1885
1841 1885
1842 1886
1843 1887
1844 1888
1845 1890
1846 1891
1847 1892
1848 1892
1849 1893
1850 1894
1851 1896
1852 1897
1854 1898
1855 1899
1856 1899
1857 1900
1858 1902
1859 1903
1860 1904
1861 1905
1862 1906
1863 1906
1864 1908
1865 1909
1866 1910
1867 1911
1868 1912
1869 1913
1870 1914
1871 1915
1872 1916
1873 1917
1874 1918
1875 1919
1876 1920
1877 1922
1878 1922
1879 1923
1880 1924
1881 1925
1882 1926
1883 1928
1884 1929
1885 1929
1886 1930
1887 1931
1888 1932
1889 1934
1890 1935
1891 1936
1892 1936
1893 1937
1894 1938
1895 1940
1897 1941
1898 1942
1899 1943
1900 1944
1901 1944
1902 1946
1903 1947
1904 1948
1905 1949
1906 1950
1907 1951
1908 1951
1909 1953
1910 1954
1911 1955
1912 1956
1913 1957
1914 1958
1915 1960
1916 1960
1917 1961
1918 1962
1919 1963
1920 1964
1921 1966
1922 1967
1923 1967
1924 1968
1925 1969
1926 1970
1927 1972
1928 1973
1929 1974
1930 1975
1931 1975
1932 1976
1933 1977
1934 1979
1935 1980
1936 1981
1937 1982
1938 1982
1940 1983
1941 1985
1942 1986
1943 1987
1944 1988
1945 1989
1946 1990
1947 1990
1948 1992
1949 1993
1950 1994
1951 1995
1952 1996
1953 1997
1954 1998
1955 1999
1956 2000
1957 2001
1958 2002
1959 2003
1960 2005
1961 2006
1962 2006
1963 2007
1964 2008
1965 2009
1966 2010
1967 2012
1968 2013
1969 2014
1970 2014
1971 2015
1972 2016
1973 2017
1974 2019
1975 2020
1976 2021
1977 2022
1978 2022
1979 2023
1980 2025
1981 2026
1983 2027
1984 2028
1985 2029
1986 2030
1987 2030
1988 2032
1989 2033
1990 2034
1991 2035
1992 2036
1993 2037
1994 2039
1995 2039
1996 2040
1997 2041
1998 2042
1999 2043
2000 2044
2001 2046
2002 2047
2003 2047
2004 2048
2005 2049
2006 2050
2007 2051
2008 2053
2009 2054
2010 2055
2011 2055
2012 2056
2013 2057
2014 2059
2015 2060
2016 2061
2017 2062
2018 2063
2019 2063
2020 2064
2021 2066
2022 2067
2023 2068
2024 2069
2026 2070
2027 2071
2028 2071
2029 2073
2030 2074
2031 2075
2032 2076
2033 2077
2034 2078
2035 2079
2036 2080
2037 2081
2038 2082
2039 2083
2040 2084
2041 2085
2042 2087
2043 2088
2044 2088
2045 2089
2046 2090
2047 2091
2048 2092
2049 2094
2050 2095
2051 2096
2052 2097
2053 2097
2054 2098
2055 2099
2056 2101
2057 2102
2058 2103
2059 2104
2060 2105
2061 2105
2062 2106
2063 2108
2064 2109
2065 2110
2066 2111
2067 2112
2068 2113
2070 2114
2071 2115
2072 2116
2073 2117
2074 2118
2075 2119
2076 2120
2077 2121
2078 2123
2079 2123
2080 2124
2081 2125
2082 2126
2083 2127
2084 2128
2085 2130
2086 2131
2087 2132
2088 2132
2089 2133
2090 2134
2091 2135
2092 2137
2093 2138
2094 2139
2095 2140
2096 2140
2097 2141
2098 2142
2099 2143
2100 2145
2101 2146
2102 2147
2103 2148
2104 2149
2105 2149
2106 2150
2107 2152
2108 2153
2109 2154
2110 2155
2111 2156
2113 2157
2114 2158
2115 2159
2116 2160
2117 2161
2118 2162
2119 2163
2120 2164
2121 2165
2122 2167
2123 2168
2124 2168
2125 2169
2126 2170
2127 2171
2128 2172
2129 2173
2130 2175
2131 2176
2132 2176
2133 2177
2134 2178
2135 2179
2136 2180
2137 2182
2138 2183
2139 2184
2140 2185
2141 2185
2142 2186
2143 2187
2144 2189
2145 2190
2146 2191
2147 2192
2148 2193
2149 2194
2150 2195
2151 2195
2152 2197
2153 2198
2154 2199
2156 2200
2157 2201
2158 2202
2159 2203
2160 2205
2161 2205
2162 2206
2163 2207
2164 2208
2165 2209
2166 2210
2167 2211
2168 2213
2169 2214
2170 2214
2171 2215
2172 2216
2173 2217
2174 2218
2175 2220
2176 2221
2177 2222
2178 2223
2179 2223
2180 2224
2181 2225
2182 2226
2183 2228
2184 2229
2185 2230
2186 2231
2187 2232
2188 2233
2189 2233
2190 2234
2191 2236
2192 2237
2193 2238
2194 2239
2195 2240
2196 2241
2197 2242
2199 2242
2200 2244
2201 2245
2202 2246
2203 2247
2204 2248
2205 2249
2206 2250
2207 2252
2208 2253
2209 2253
2210 2254
2211 2255
2212 2256
2213 2257
2214 2258
2215 2260
2216 2261
2217 2262
2218 2262
2219 2263
2220 2264
2221 2265
2222 2266
2223 2268
2224 2269
2225 2270
2226 2271
2227 2272
2228 2272
2229 2273
2230 2274
2231 2276
2232 2277
2233 2278
2234 2279
2235 2280
2236 2281
2237 2282
2238 2282
2239 2284
2240 2285
2242 2286
2243 2287
2244 2288
2245 2289
2246 2290
2247 2291
2248 2293
2249 2293
2250 2294
2251 2295
2252 2296
2253 2297
2254 2298
2255 2299
2256 2301
2257 2302
2258 2303
2259 2303
2260 2304
2261 2305
2262 2306
2263 2307
2264 2308
2265 2310
2266 2311
2267 2312
2268 2313
2269 2313
2270 2314
2271 2315
2272 2316
2273 2318
2274 2319
2275 2320
2276 2321
2277 2322
2278 2323
2279 2323
2280 2324
2281 2326
2282 2327
2283 2328
2285 2329
2286 2330
2287 2331
2288 2332
2289 2333
2290 2334
2291 2335
2292 2336
2293 2337
2294 2338
2295 2339
2296 2340
2297 2341
2298 2342
2299 2344
2300 2345
2301 2345
2302 2346
2303 2347
2304 2348
2305 2349
2306 2350
2307 2351
2308 2353
2309 2354
2310 2355
2311 2356
2312 2356
2313 2357
2314 2358
2315 2359
2316 2361
2317 2362
2318 2363
2319 2364
2320 2365
2321 2366
2322 2367
2323 2367
2324 2368
2325 2370
2326 2371
2328 2372
2329 2373
2330 2374
2331 2375
2332 2376
2333 2377
2334 2378
2335 2379
2336 2380
2337 2381
2338 2382
2339 2383
2340 2384
2341 2385
2342 2386
2343 2387
2344 2389
2345 2390
2346 2390
2347 2391
2348 2392
2349 2393
2350 2394
2351 2395
2352 2397
2353 2398
2354 2399
2355 2400
2356 2401
2357 2401
2358 2402
2359 2403
2360 2404
2361 2406
2362 2407
2363 2408
2364 2409
2365 2410
2366 2411
2367 2412
2368 2412
2369 2413
2371 2414
2372 2416
2373 2417
2374 2418
2375 2419
2376 2420
2377 2421
2378 2422
2379 2423
2380 2424
2381 2425
2382 2426
2383 2427
2384 2428
2385 2429
2386 2430
2387 2431
2388 2432
2389 2433
2390 2435
2391 2436
2392 2436
2393 2437
2394 2438
2395 2439
2396 2440
2397 2441
2398 2442
2399 2444
2400 2445
2401 2446
2402 2447
2403 2448
2404 2448
2405 2449
2406 2450
2407 2451
2408 2452
2409 2454
2410 2455
2411 2456
2412 2457
2414 2458
2415 2459
2416 2460
2417 2460
2418 2461
2419 2462
2420 2464
2421 2465
2422 2466
2423 2467
2424 2468
2425 2469
2426 2470
2427 2471
2428 2472
2429 2473
2430 2474
2431 2475
2432 2476
2433 2477
2434 2478
2435 2479
2436 2480
2437 2481
2438 2482
2439 2484
2440 2485
2441 2486
2442 2486
2443 2487
2444 2488
2445 2489
2446 2490
2447 2491
2448 2492
2449 2494
2450 2495
2451 2496
2452 2497
2453 2498
2454 2498
2455 2499
2457 2500
2458 2501
2459 2502
2460 2504
2461 2505
2462 2506
2463 2507
2464 2508
2465 2509
2466 2510
2467 2511
2468 2511
2469 2512
2470 2514
2471 2515
2472 2516
2473 2517
2474 2518
2475 2519
2476 2520
2477 2521
2478 2522
2479 2523
2480 2525
2481 2525
2482 2526
2483 2527
2484 2528
2485 2529
2486 2530
2487 2531
2488 2532
2489 2533
2490 2534
2491 2536
2492 2537
2493 2538
2494 2538
2495 2539
2496 2540
2497 2541
2498 2542
2499 2543
2501 2544
2502 2546
2503 2547
2504 2548
2505 2549
2506 2550
2507 2551
2508 2552
2509 2552
2510 2553
2511 2554
2512 2555
2513 2557
2514 2558
2515 2559
2516 2560
2517 2561
2518 2562
2519 2563
2520 2564
2521 2565
2522 2565
2523 2566
2524 2568
2525 2569
2526 2570
2527 2571
2528 2572
2529 2573
2530 2574
2531 2575
2532 2576
2533 2577
2534 2578
2535 2580
2536 2580
2537 2581
2538 2582
2539 2583
2540 2584
2541 2585
2542 2586
2544 2587
2545 2588
2546 2589
2547 2591
2548 2592
2549 2593
2550 2594
2551 2595
2552 2595
2553 2596
2554 2597
2555 2598
2556 2599
2557 2600
2558 2602
2559 2603
2560 2604
2561 2605
2562 2606
2563 2607
2564 2608
2565 2609
2566 2609
2567 2610
2568 2611
2569 2612
2570 2614
2571 2615
2572 2616
2573 2617
2574 2618
2575 2619
2576 2620
2577 2621
2578 2622
2579 2623
2580 2624
2581 2624
2582 2626
2583 2627
2584 2628
2585 2629
2587 2630
2588 2631
2589 2632
2590 2633
2591 2634
2592 2635
2593 2636
2594 2638
2595 2639
2596 2640
2597 2640
2598 2641
2599 2642
2600 2643
2601 2644
2602 2645
2603 2646
2604 2647
2605 2648
2606 2649
2607 2651
2608 2652
2609 2653
2610 2654
2611 2655
2612 2656
2613 2656
2614 2657
2615 2658
2616 2659
2617 2660
2618 2661
2619 2663
2620 2664
2621 2665
2622 2666
2623 2667
2624 2668
2625 2669
2626 2670
2627 2671
2628 2672
2630 2672
2631 2673
2632 2675
2633 2676
2634 2677
2635 2678
2636 2679
2637 2680
2638 2681
2639 2682
2640 2683
2641 2684
2642 2685
2643 2686
2644 2687
2645 2689
2646 2690
2647 2690
2648 2691
2649 2692
2650 2693
2651 2694
2652 2695
2653 2696
2654 2697
2655 2698
2656 2699
2657 2700
2658 2702
2659 2703
2660 2704
2661 2705
2662 2706
2663 2707
2664 2707
2665 2708
2666 2709
2667 2710
2668 2711
2669 2712
2670 2713
2671 2714
2673 2716
2674 2717
2675 2718
2676 2719
2677 2720
2678 2721
2679 2722
2680 2723
2681 2724
2682 2724
2683 2725
2684 2726
2685 2727
2686 2729
2687 2730
2688 2731
2689 2732
2690 2733
2691 2734
2692 2735
2693 2736
2694 2737
2695 2738
2696 2739
2697 2740
2698 2741
2699 2742
2700 2744
2701 2744
2702 2745
2703 2746
2704 2747
2705 2748
2706 2749
2707 2750
2708 2751
2709 2752
2710 2753
2711 2754
2712 2755
2713 2756
2714 2757
2716 2759
2717 2760
2718 2761
2719 2762
2720 2762
2721 2763
2722 2764
2723 2765
2724 2766
2725 2767
2726 2768
2727 2769
2728 2770
2729 2771
2730 2773
2731 2774
2732 2775
2733 2776
2734 2777
2735 2778
2736 2779
2737 2780
2738 2781
2739 2782
2740 2782
2741 2783
2742 2784
2743 2785
2744 2786
2745 2788
2746 2789
2747 2790
2748 2791
2749 2792
2750 2793
2751 2794
2752 2795
2753 2796
2754 2797
2755 2798
2756 2799
2757 2800
2759 2801
2760 2802
2761 2802
2762 2804
2763 2805
2764 2806
2765 2807
2766 2808
2767 2809
2768 2810
2769 2811
2770 2812
2771 2813
2772 2814
2773 2815
2774 2816
2775 2817
2776 2818
2777 2819
2778 2821
2779 2822
2780 2823
2781 2824
2782 2825
2783 2825
2784 2826
2785 2827
2786 2828
2787 2829
2788 2830
2789 2831
2790 2832
2791 2833
2792 2834
2793 2835
2794 2837
2795 2838
2796 2839
2797 2840
2798 2841
2799 2842
2800 2843
2802 2844
2803 2845
2804 2846
2805 2847
2806 2847
2807 2848
2808 2849
2809 2850
2810 2851
2811 2852
2812 2854
2813 2855
2814 2856
2815 2857
2816 2858
2817 2859
2818 2860
2819 2861
2820 2862
2821 2863
2822 2864
2823 2865
2824 2866
2825 2867
2826 2868
2827 2869
2828 2870
2829 2871
2830 2872
2831 2873
2832 2874
2833 2875
2834 2876
2835 2877
2836 2878
2837 2879
2838 2880
2839 2881
2840 2882
2841 2883
2842 2884
2843 2885
2845 2886
2846 2887
2847 2888
2848 2889
2849 2890
2850 2892
2851 2893
2852 2894
2853 2895
2854 2896
2855 2897
2856 2897
2857 2898
2858 2899
2859 2900
2860 2901
2861 2902
2862 2903
2863 2904
2864 2905
2865 2906
2866 2907
2867 2908
2868 2909
2869 2911
2870 2912
2871 2913
2872 2914
2873 2915
2874 2916
2875 2917
2876 2918
2877 2919
2878 2920
2879 2921
2880 2922
2881 2923
2882 2924
2883 2924
2884 2925
2885 2926
2886 2927
2887 2928
2889 2929
2890 2931
2891 2932
2892 2933
2893 2934
2894 2935
2895 2936
2896 2937
2897 2938
2898 2939
2899 2940
2900 2941
2901 2942
2902 2943
2903 2944
2904 2945
2905 2946
2906 2947
2907 2948
2908 2949
2909 2950
2910 2951
2911 2953
2912 2954
2913 2955
2914 2955
2915 2956
2916 2957
2917 2958
2918 2959
2919 2960
2920 2961
2921 2962
2922 2963
2923 2964
2924 2965
2925 2966
2926 2967
2927 2968
2928 2969
2929 2970
2930 2971
2932 2972
2933 2973
2934 2974
2935 2976
2936 2977
2937 2978
2938 2979
2939 2980
2940 2981
2941 2982
2942 2983
2943 2984
2944 2985
2945 2986
2946 2987
2947 2987
2948 2988
2949 2989
2950 2990
2951 2991
2952 2992
2953 2993
2954 2994
2955 2995
2956 2996
2957 2997
2958 2998
2959 3000
2960 3001
2961 3002
2962 3003
2963 3004
2964 3005
2965 3006
2966 3007
2967 3008
2968 3009
2969 3010
2970 3011
2971 3012
2972 3013
2973 3014
2975 3015
2976 3016
2977 3017
2978 3018
2979 3019
2980 3020
2981 3021
2982 3022
2983 3023
2984 3024
2985 3024
2986 3026
2987 3027
2988 3028
2989 3029
2990 3030
2991 3031
2992 3032
2993 3033
2994 3034
2995 3035
2996 3036
2997 3037
2998 3038
2999 3039
3000 3040
3001 3041
3002 3042
3003 3043
3004 3044
3005 3045
3006 3046
3007 3047
3008 3048
3009 3049
3010 3050
3011 3051
3012 3052
3013 3053
3014 3055
3015 3056
3016 3057
3018 3058
3019 3059
3020 3060
3021 3061
3022 3062
3023 3063
3024 3064
3025 3065
3026 3066
3027 3067
3028 3068
3029 3068
3030 3069
3031 3070
3032 3071
3033 3072
3034 3073
3035 3074
3036 3075
3037 3076
3038 3077
3039 3078
3040 3079
3041 3080
3042 3081
3043 3082
3044 3083
3045 3084
3046 3085
3047 3087
3048 3088
3049 3089
3050 3090
3051 3091
3052 3092
3053 3093
3054 3094
3055 3095
3056 3096
3057 3097
3058 3098
3059 3099
3061 3100
3062 3101
3063 3102
3064 3103
3065 3104
3066 3105
3067 3106
3068 3107
3069 3108
3070 3109
3071 3110
3072 3111
3073 3112
3074 3113
3075 3114
3076 3115
3077 3116
3078 3117
3079 3118
3080 3119
3081 3120
3082 3121
3083 3122
3084 3123
3085 3125
3086 3125
3087 3126
3088 3127
3089 3128
3090 3129
3091 3130
3092 3131
3093 3132
3094 3133
3095 3134
3096 3135
3097 3136
3098 3137
3099 3138
3100 3139
3101 3140
3102 3141
3104 3142
3105 3143
3106 3144
3107 3145
3108 3146
3109 3147
3110 3148
3111 3149
3112 3150
3113 3151
3114 3152
3115 3153
3116 3154
3117 3155
3118 3156
3119 3157
3120 3158
3121 3159
3122 3160
3123 3161
3124 3162
3125 3163
3126 3164
3127 3165
3128 3166
3129 3167
3130 3168
3131 3170
3132 3171
3133 3172
3134 3173
3135 3174
3136 3175
3137 3176
3138 3177
3139 3178
3140 3179
3141 3180
3142 3181
3143 3182
3144 3183
3145 3184
3147 3185
3148 3186
3149 3187
3150 3188
3151 3189
3152 3190
3153 3191
3154 3192
3155 3193
3156 3194
3157 3195
3158 3196
3159 3197
3160 3198
3161 3199
3162 3200
3163 3201
3164 3202
3165 3203
3166 3204
3167 3205
3168 3206
3169 3207
3170 3208
3171 3209
3172 3210
3173 3211
3174 3212
3175 3213
3176 3214
3177 3215
3178 3216
3179 3217
3180 3218
3181 3219
3182 3220
3183 3221
3184 3222
3185 3223
3186 3224
3187 3225
3188 3226
3190 3227
3191 3228
3192 3229
3193 3230
3194 3231
3195 3232
3196 3232
3197 3234
3198 3235
3199 3236
3200 3237
3201 3238
3202 3239
3203 3240
3204 3241
3205 3242
3206 3243
3207 3244
3208 3245
3209 3246
3210 3247
3211 3248
3212 3249
3213 3250
3214 3251
3215 3252
3216 3253
3217 3254
3218 3255
3219 3256
3220 3257
3221 3258
3222 3259
3223 3260
3224 3261
3225 3262
3226 3263
3227 3264
3228 3265
3229 3266
3230 3267
3231 3268
3233 3269
3234 3270
3235 3271
3236 3272
3237 3273
3238 3274
3239 3275
3240 3276
3241 3277
3242 3278
3243 3279
3244 3280
3245 3281
3246 3282
3247 3283
3248 3284
3249 3285
3250 3286
3251 3287
3252 3288
3253 3289
3254 3290
3255 3291
3256 3292
3257 3293
3258 3294
3259 3295
3260 3296
3261 3297
3262 3298
3263 3299
3264 3300
3265 3301
3266 3302
3267 3303
3268 3304
3269 3305
3270 3306
3271 3307
3272 3309
3273 3310
3274 3311
3276 3312
3277 3313
3278 3314
3279 3315
3280 3316
3281 3317
3282 3318
3283 3319
3284 3320
3285 3321
3286 3322
3287 3323
3288 3324
3289 3325
3290 3326
3291 3327
3292 3328
3293 3329
3294 3330
3295 3331
3296 3332
3297 3333
3298 3334
3299 3335
3300 3336
3301 3337
3302 3338
3303 3339
3304 3340
3305 3341
3306 3342
3307 3343
3308 3344
3309 3345
3310 3346
3311 3347
3312 3348
3313 3349
3314 3350
3315 3351
3316 3352
3317 3353
3318 3354
3320 3355
3321 3356
3322 3357
3323 3358
3324 3359
3325 3360
3326 3361
3327 3362
3328 3363
3329 3364
3330 3365
3331 3366
3332 3367
3333 3368
3334 3369
3335 3370
3336 3371
3337 3372
3338 3373
3339 3374
3340 3375
3341 3376
3342 3377
3343 3378
3344 3379
3345 3380
3346 3381
3347 3382
3348 3383
3349 3384
3350 3385
3351 3386
3352 3387
3353 3388
3354 3389
3355 3390
3356 3391
3357 3392
3358 3393
3359 3394
3360 3395
3361 3396
3363 3397
3364 3398
3365 3399
3366 3400
3367 3401
3368 3402
3369 3403
3370 3404
3371 3405
3372 3406
3373 3407
3374 3408
3375 3409
3376 3410
3377 3411
3378 3412
3379 3413
3380 3414
3381 3416
3382 3417
3383 3418
3384 3419
3385 3420
3386 3421
3387 3422
3388 3423
3389 3424
3390 3425
3391 3426
3392 3427
3393 3428
3394 3429
3395 3430
3396 3431
3397 3432
3398 3432
3399 3433
3400 3434
3401 3435
3402 3436
3403 3437
3404 3438
3406 3439
3407 3440
3408 3441
3409 3442
3410 3443
3411 3444
3412 3445
3413 3446
3414 3447
3415 3448
3416 3449
3417 3450
3418 3451
3419 3452
3420 3453
3421 3454
3422 3455
3423 3456
3424 3457
3425 3458
3426 3459
3427 3460
3428 3461
3429 3462
3430 3463
3431 3464
3432 3465
3433 3466
3434 3467
3435 3468
3436 3469
3437 3470
3438 3472
3439 3473
3440 3474
3441 3475
3442 3476
3443 3477
3444 3478
3445 3479
3446 3480
3447 3481
3449 3482
3450 3483
3451 3484
3452 3485
3453 3486
3454 3487
3455 3488
3456 3489
3457 3490
3458 3491
3459 3492
3460 3493
3461 3494
3462 3495
3463 3496
3464 3497
3465 3497
3466 3498
3467 3499
3468 3500
3469 3501
3470 3502
3471 3503
3472 3504
3473 3505
3474 3506
3475 3507
3476 3508
3477 3509
3478 3510
3479 3511
3480 3512
3481 3513
3482 3514
3483 3516
3484 3517
3485 3518
3486 3519
3487 3520
3488 3521
3489 3522
3490 3523
3492 3524
3493 3525
3494 3526
3495 3527
3496 3528
3497 3529
3498 3530
3499 3531
3500 3532
3501 3533
3502 3534
3503 3535
3504 3536
3505 3537
3506 3538
3507 3539
3508 3540
3509 3541
3510 3542
3511 3542
3512 3543
3513 3544
3514 3545
3515 3546
3516 3547
3517 3548
3518 3549
3519 3550
3520 3552
3521 3553
3522 3554
3523 3555
3524 3556
3525 3557
3526 3558
3527 3559
3528 3560
3529 3561
3530 3562
3531 3563
3532 3564
3533 3565
3535 3566
3536 3567
3537 3568
3538 3569
3539 3570
3540 3571
3541 3572
3542 3573
3543 3574
3544 3575
3545 3576
3546 3577
3547 3578
3548 3579
3549 3580
3550 3580
3551 3581
3552 3582
3553 3583
3554 3585
3555 3586
3556 3587
3557 3588
3558 3589
3559 3590
3560 3591
3561 3592
3562 3593
3563 3594
3564 3595
3565 3596
3566 3597
3567 3598
3568 3599
3569 3600
3570 3601
3571 3602
3572 3603
3573 3604
3574 3605
3575 3606
3576 3607
3578 3608
3579 3609
3580 3610
3581 3611
3582 3612
3583 3612
3584 3614
3585 3615
3586 3616
3587 3617
3588 3618
3589 3619
3590 3620
3591 3621
3592 3622
3593 3623
3594 3624
3595 3625
3596 3626
3597 3627
3598 3628
3599 3629
3600 3630
3601 3631
3602 3632
3603 3633
3604 3634
3605 3635
3606 3636
3607 3637
3608 3638
3609 3639
3610 3640
3611 3642
3612 3642
3613 3643
3614 3644
3615 3645
3616 3646
3617 3647
3618 3648
3619 3649
3621 3650
3622 3651
3623 3652
3624 3653
3625 3654
3626 3655
3627 3656
3628 3657
3629 3658
3630 3659
3631 3660
3632 3661
3633 3662
3634 3663
3635 3664
3636 3665
3637 3666
3638 3668
3639 3669
3640 3669
3641 3670
3642 3671
3643 3672
3644 3673
3645 3674
3646 3674
3647 3674
3648 3674
3649 3674
3650 3674
3651 3674
3652 3674
3653 3674
3654 3674
3655 3674
3656 3674
3657 3674
3658 3674
3659 3674
3660 3674
3661 3675
3662 3675
3664 3675
3665 3675
3666 3675
3667 3675
3668 3675
3669 3675
3670 3675
3671 3675
3672 3675
3673 3675
3674 3675
3675 3675
3676 3675
3677 3675
3678 3675
3679 3675
3680 3675
3681 3675
3682 3675
3683 3675
3684 3675
3685 3676
3686 3676
3687 3676
3688 3676
3689 3676
3690 3676
3691 3676
3692 3676
3693 3676
3694 3676
3695 3676
3696 3676
3697 3676
3698 3676
3699 3676
3700 3676
3701 3676
3702 3676
3703 3676
3704 3676
3705 3676
3706 3677
3708 3677
3709 3677
3710 3677
3711 3677
3712 3677
3713 3677
3714 3677
3715 3677
3716 3677
3717 3677
3718 3677
3719 3677
3720 3677
3721 3677
3722 3677
3723 3677
3724 3677
3725 3677
3726 3677
3727 3677
3728 3678
3729 3678
3730 3678
3731 3678
3732 3678
3733 3678
3734 3678
3735 3678
3736 3678
3737 3678
3738 3678
3739 3678
3740 3678
3741 3678
3742 3678
3743 3678
3744 3678
3745 3678
3746 3678
3747 3679
3748 3679
3749 3679
3751 3679
3752 3679
3753 3679
3754 3679
3755 3679
3756 3679
3757 3679
3758 3679
3759 3679
3760 3679
3761 3679
3762 3679
3763 3679
3764 3679
3765 3679
3766 3679
3767 3680
3768 3680
3769 3680
3770 3680
3771 3680
3772 3680
3773 3680
3774 3680
3775 3680
3776 3680
3777 3680
3778 3680
3779 3680
3780 3680
3781 3680
3782 3680
3783 3680
3784 3680
3785 3681
3786 3681
3787 3681
3788 3681
3789 3681
3790 3681
3791 3681
3792 3681
3794 3681
3795 3681
3796 3681
3797 3681
3798 3681
3799 3681
3800 3681
3801 3681
3802 3681
3803 3681
3804 3682
3805 3682
3806 3682
3807 3682
3808 3682
3809 3682
3810 3682
3811 3682
3812 3682
3813 3682
3814 3682
3815 3682
3816 3682
3817 3682
3818 3682
3819 3682
3820 3682
3821 3683
3822 3683
3823 3683
3824 3683
3825 3683
3826 3683
3827 3683
3828 3683
3829 3683
3830 3683
3831 3683
3832 3683
3833 3683
3834 3683
3835 3683
3837 3683
3838 3684
3839 3684
3840 3684
3841 3684
3842 3684
3843 3684
3844 3684
3845 3684
3846 3684
3847 3684
3848 3684
3849 3684
3850 3684
3851 3684
3852 3684
3853 3684
3854 3685
3855 3685
3856 3685
3857 3685
3858 3685
3859 3685
3860 3685
3861 3685
3862 3685
3863 3685
3864 3685
3865 3685
3866 3685
3867 3685
3868 3685
3869 3685
3870 3686
3871 3686
3872 3686
3873 3686
3874 3686
3875 3686
3876 3686
3877 3686
3878 3686
3880 3686
3881 3686
3882 3686
3883 3686
3884 3686
3885 3686
3886 3687
3887 3687
3888 3687
3889 3687
3890 3687
3891 3687
3892 3687
3893 3687
3894 3687
3895 3687
3896 3687
3897 3687
3898 3687
3899 3687
3900 3687
3901 3688
3902 3688
3903 3688
3904 3688
3905 3688
3906 3688
3907 3688
3908 3688
3909 3688
3910 3688
3911 3688
3912 3688
3913 3688
3914 3688
3915 3688
3916 3689
3917 3689
3918 3689
3919 3689
3920 3689
3921 3689
3923 3689
3924 3689
3925 3689
3926 3689
3927 3689
3928 3689
3929 3689
3930 3689
3931 3690
3932 3690
3933 3690
3934 3690
3935 3690
3936 3690
3937 3690
3938 3690
3939 3690
3940 3690
3941 3690
3942 3690
3943 3690
3944 3690
3945 3691
3946 3691
3947 3691
3948 3691
3949 3691
3950 3691
3951 3691
3952 3691
3953 3691
3954 3691
3955 3691
3956 3691
3957 3691
3958 3691
3959 3692
3960 3692
3961 3692
3962 3692
3963 3692
3964 3692
3966 3692
3967 3692
3968 3692
3969 3692
3970 3692
3971 3692
3972 3692
3973 3692
3974 3693
3975 3693
3976 3693
3977 3693
3978 3693
3979 3693
3980 3693
3981 3693
3982 3693
3983 3693
3984 3693
3985 3693
3986 3693
3987 3694
3988 3694
3989 3694
3990 3694
3991 3694
3992 3694
3993 3694
3994 3694
3995 3694
3996 3694
3997 3694
3998 3694
3999 3694
4000 3695
4001 3695
4002 3695
4003 3695
4004 3695
4005 3695
4006 3695
4007 3695
4009 3695
4010 3695
4011 3695
4012 3695
