103 22
104 22
106 23
107 23
108 23
109 22
111 23
112 23
113 23
115 24
116 24
117 24
118 24
120 25
121 25
122 25
123 25
125 26
126 26
127 26
128 26
130 27
131 27
132 27
134 28
135 28
136 28
137 28
139 29
140 29
141 29
142 29
144 30
145 30
146 30
147 30
149 31
150 31
151 31
153 32
154 32
155 32
156 32
158 33
159 33
160 33
161 33
163 33
164 33
165 33
166 33
168 34
169 34
170 34
172 35
173 35
174 35
175 35
177 36
178 36
179 36
180 36
182 37
183 37
184 37
185 37
187 38
188 38
189 38
191 39
192 39
193 39
194 39
196 40
197 40
198 40
199 40
201 41
202 41
203 41
204 41
206 42
207 42
208 42
210 43
211 43
212 43
213 43
215 44
216 43
217 43
218 43
220 44
221 44
222 44
223 44
225 45
226 45
227 45
229 46
230 46
231 46
232 46
234 47
235 47
236 47
237 47
239 48
240 48
241 48
242 48
244 49
245 49
246 49
248 50
249 50
250 50
251 50
253 51
254 51
255 51
256 51
258 52
259 52
260 52
261 52
263 53
264 53
265 53
267 54
268 54
269 53
270 53
272 54
273 54
274 54
275 54
277 55
278 55
279 55
280 55
282 56
283 56
284 56
285 56
287 57
288 57
289 57
291 58
292 58
293 58
294 58
296 59
297 59
298 59
299 59
301 60
302 60
303 60
304 60
306 61
307 61
308 61
310 62
311 62
312 62
313 62
315 63
316 63
317 63
318 63
320 64
321 64
322 63
323 63
325 64
326 64
327 64
329 65
330 65
331 65
332 65
334 66
335 66
336 66
337 66
339 67
340 67
341 67
342 67
344 68
345 68
346 68
347 68
349 69
350 69
351 69
353 70
354 70
355 70
356 70
358 71
359 71
360 71
361 71
363 72
364 72
365 72
366 72
368 73
369 73
370 73
371 73
373 74
374 74
375 73
377 74
378 74
379 74
380 74
382 75
383 75
384 75
385 75
387 76
388 76
389 76
390 76
392 77
393 77
394 77
396 78
397 78
398 78
399 78
401 79
402 79
403 79
404 79
406 80
407 80
408 80
409 80
411 81
412 81
413 81
414 81
416 82
417 82
418 82
420 83
421 83
422 83
423 83
425 84
426 84
427 84
428 83
430 84
431 84
432 84
433 84
435 85
436 85
437 85
438 85
440 86
441 86
442 86
444 87
445 87
446 87
447 87
449 88
450 88
451 88
452 88
454 89
455 89
456 89
457 89
459 90
460 90
461 90
462 90
464 91
465 91
466 91
468 92
469 92
470 92
471 92
473 93
474 93
475 93
476 93
478 94
479 94
480 94
481 93
483 94
484 94
485 94
486 94
488 95
489 95
490 95
492 96
493 96
494 96
495 96
497 97
498 97
499 97
500 97
502 98
503 98
504 98
505 98
507 99
508 99
509 99
510 99
512 100
513 100
514 100
515 100
517 101
518 101
519 101
521 102
522 102
523 102
524 102
526 103
527 103
528 103
529 103
531 104
532 104
533 104
534 104
536 104
537 104
538 104
539 104
541 105
542 105
543 105
544 105
546 106
547 106
548 106
550 107
551 107
552 107
553 107
555 108
556 108
557 108
558 108
560 109
561 109
562 109
563 109
565 110
566 110
567 110
568 110
570 111
571 111
572 111
573 111
575 112
576 112
577 112
579 113
580 113
581 113
582 113
584 114
585 114
586 114
587 114
589 114
590 114
591 114
592 114
594 115
595 115
596 115
597 115
599 116
600 116
601 116
602 116
604 117
605 117
606 117
607 117
609 118
610 118
611 118
613 119
614 119
615 119
616 119
618 120
619 120
620 120
621 120
623 121
624 121
625 121
626 121
628 122
629 122
630 122
631 122
633 123
634 123
635 123
636 123
638 124
639 124
640 124
641 123
643 124
644 124
645 124
647 125
648 125
649 125
650 125
652 126
653 126
654 126
655 126
657 127
658 127
659 127
660 127
662 128
663 128
664 128
665 128
667 129
668 129
669 129
670 129
672 130
673 130
674 130
675 130
677 131
678 131
679 131
680 131
682 132
683 132
684 132
686 133
687 133
688 133
689 133
691 134
692 134
693 134
694 133
696 134
697 134
698 134
699 134
701 135
702 135
703 135
704 135
706 136
707 136
708 136
709 136
711 137
712 137
713 137
714 137
716 138
717 138
718 138
719 138
721 139
722 139
723 139
724 139
726 140
727 140
728 140
730 141
731 141
732 141
733 141
735 142
736 142
737 142
738 142
740 143
741 143
742 143
743 143
745 144
746 144
747 143
748 143
750 144
751 144
752 144
753 144
755 145
756 145
757 145
758 145
760 146
761 146
762 146
763 146
765 147
766 147
767 147
768 147
770 148
771 148
772 148
773 148
775 149
776 149
777 149
778 149
780 150
781 150
782 150
783 150
785 151
786 151
787 151
788 151
790 152
791 152
792 152
794 153
795 153
796 153
797 153
799 154
800 153
801 153
802 153
804 154
805 154
806 154
807 154
809 155
810 155
811 155
812 155
814 156
815 156
816 156
817 156
819 157
820 157
821 157
822 157
824 158
825 158
826 158
827 158
829 159
830 159
831 159
832 159
834 160
835 160
836 160
837 160
839 161
840 161
841 161
842 161
844 162
845 162
846 162
847 162
849 163
850 163
851 163
852 162
854 163
855 163
856 163
857 163
859 164
860 164
861 164
862 164
864 165
865 165
866 165
867 165
869 166
870 166
871 166
872 166
874 167
875 167
876 167
877 167
879 168
880 168
881 168
882 168
884 169
885 169
886 169
887 169
889 170
890 170
891 170
892 170
894 171
895 171
896 171
897 171
899 172
900 172
901 172
902 172
904 173
905 172
906 172
907 172
909 173
910 173
911 173
912 173
914 174
915 174
916 174
917 174
919 175
920 175
921 175
922 175
924 176
925 176
926 176
927 176
929 177
930 177
931 177
932 177
934 178
935 178
936 178
937 178
939 179
940 179
941 179
942 179
944 180
945 180
946 180
947 180
949 181
950 181
951 181
952 181
954 182
955 182
956 182
957 181
959 182
960 182
961 182
962 182
964 183
965 183
966 183
967 183
969 184
970 184
971 184
972 184
974 185
975 185
976 185
977 185
979 186
980 186
981 186
982 186
984 187
985 187
986 187
987 187
989 188
990 188
991 188
992 188
994 189
995 189
996 189
997 189
999 190
1000 190
1001 190
1002 190
1004 191
1005 191
1006 191
1007 191
1009 192
1010 192
1011 191
1012 191
1014 192
1015 192
1016 192
1017 192
1018 192
1020 193
1021 193
1022 193
1023 193
1025 194
1026 194
1027 194
1028 194
1030 195
1031 195
1032 195
1033 195
1035 196
1036 196
1037 196
1038 196
1040 197
1041 197
1042 197
1043 197
1045 198
1046 198
1047 198
1048 198
1050 199
1051 199
1052 199
1053 199
1055 200
1056 200
1057 200
1058 200
1060 201
1061 201
1062 201
1063 200
1065 201
1066 201
1067 201
1068 201
1070 202
1071 202
1072 202
1073 202
1074 202
1076 203
1077 203
1078 203
1079 203
1081 204
1082 204
1083 204
1084 204
1086 205
1087 205
1088 205
1089 205
1091 206
1092 206
1093 206
1094 206
1096 207
1097 207
1098 207
1099 207
1101 208
1102 208
1103 208
1104 208
1106 209
1107 209
1108 209
1109 209
1111 210
1112 210
1113 210
1114 210
1115 209
1117 210
1118 210
1119 210
1120 210
1122 211
1123 211
1124 211
1125 211
1127 212
1128 212
1129 212
1130 212
1132 213
1133 213
1134 213
1135 213
1137 214
1138 214
1139 214
1140 214
1142 215
1143 215
1144 215
1145 215
1146 215
1148 216
1149 216
1150 216
1151 216
1153 217
1154 217
1155 217
1156 217
1158 218
1159 218
1160 218
1161 218
1163 219
1164 219
1165 219
1166 219
1168 219
1169 219
1170 219
1171 219
1172 219
1174 220
1175 220
1176 220
1177 220
1179 221
1180 221
1181 221
1182 221
1184 222
1185 222
1186 222
1187 222
1189 223
1190 223
1191 223
1192 223
1194 224
1195 224
1196 224
1197 224
1198 224
1200 225
1201 225
1202 225
1203 225
1205 226
1206 226
1207 226
1208 226
1210 227
1211 227
1212 227
1213 227
1215 228
1216 228
1217 228
1218 228
1220 228
1221 228
1222 228
1223 228
1224 228
1226 229
1227 229
1228 229
1229 229
1231 230
1232 230
1233 230
1234 230
1236 231
1237 231
1238 231
1239 231
1241 232
1242 232
1243 232
1244 232
1245 232
1247 233
1248 233
1249 233
1250 233
1252 234
1253 234
1254 234
1255 234
1257 235
1258 235
1259 235
1260 235
1262 236
1263 236
1264 236
1265 236
1266 236
1268 237
1269 237
1270 237
1271 236
1273 237
1274 237
1275 237
1276 237
1278 238
1279 238
1280 238
1281 238
1282 238
1284 239
1285 239
1286 239
1287 239
1289 240
1290 240
1291 240
1292 240
1294 241
1295 241
1296 241
1297 241
1298 241
1300 242
1301 242
1302 242
1303 242
1305 243
1306 243
1307 243
1308 243
1310 244
1311 244
1312 244
1313 244
1315 245
1316 245
1317 245
1318 245
1319 245
1321 246
1322 246
1323 245
1324 245
1326 246
1327 246
1328 246
1329 246
1331 247
1332 247
1333 247
1334 247
1335 247
1337 248
1338 248
1339 248
1340 248
1342 249
1343 249
1344 249
1345 249
1346 249
1348 250
1349 250
1350 250
1351 250
1353 251
1354 251
1355 251
1356 251
1358 252
1359 252
1360 252
1361 252
1362 252
1364 253
1365 253
1366 253
1367 253
1369 254
1370 254
1371 254
1372 254
1374 255
1375 254
1376 254
1377 254
1378 254
1380 255
1381 255
1382 255
1383 255
1385 256
1386 256
1387 256
1388 256
1389 256
1391 257
1392 257
1393 257
1394 257
1396 258
1397 258
1398 258
1399 258
1401 259
1402 259
1403 259
1404 259
1405 259
1407 260
1408 260
1409 260
1410 260
1412 261
1413 261
1414 261
1415 261
1416 261
1418 262
1419 262
1420 262
1421 262
1423 263
1424 263
1425 263
1426 262
1427 262
1429 263
1430 263
1431 263
1432 263
1434 264
1435 264
1436 264
1437 264
1439 265
1440 265
1441 265
1442 265
1443 265
1445 266
1446 266
1447 266
1448 266
1450 267
1451 267
1452 267
1453 267
1454 267
1456 268
1457 268
1458 268
1459 268
1461 269
1462 269
1463 269
1464 269
1465 269
1467 270
1468 270
1469 270
1470 270
1472 271
1473 271
1474 271
1475 271
1476 271
1478 271
1479 271
1480 271
1481 271
1483 272
1484 272
1485 272
1486 272
1487 272
1489 273
1490 273
1491 273
1492 273
1494 274
1495 274
1496 274
1497 274
1498 274
1500 275
1501 275
1502 275
1503 275
1504 275
1506 276
1507 276
1508 276
1509 276
1511 277
1512 277
1513 277
1514 277
1515 277
1517 278
1518 278
1519 278
1520 278
1522 279
1523 279
1524 279
1525 279
1526 279
1528 280
1529 280
1530 279
1531 279
1533 280
1534 280
1535 280
1536 280
1537 280
1539 281
1540 281
1541 281
1542 281
1544 282
1545 282
1546 282
1547 282
1548 282
1550 283
1551 283
1552 283
1553 283
1554 283
1556 284
1557 284
1558 284
1559 284
1561 285
1562 285
1563 285
1564 285
1565 285
1567 286
1568 286
1569 286
1570 286
1571 286
1573 287
1574 287
1575 287
1576 287
1578 288
1579 288
1580 288
1581 287
1582 287
1584 288
1585 288
1586 288
1587 288
1589 289
1590 289
1591 289
1592 289
1593 289
1595 290
1596 290
1597 290
1598 290
1599 290
1601 291
1602 291
1603 291
1604 291
1606 292
1607 292
1608 292
1609 292
1610 292
1612 293
1613 293
1614 293
1615 293
1616 293
1618 294
1619 294
1620 294
1621 294
1622 294
1624 295
1625 295
1626 295
1627 295
1629 296
1630 296
1631 296
1632 295
1633 295
1635 296
1636 296
1637 296
1638 296
1639 296
1641 297
1642 297
1643 297
1644 297
1646 298
1647 298
1648 298
1649 298
1650 298
1652 299
1653 299
1654 299
1655 299
1656 299
1658 300
1659 300
1660 300
1661 300
1662 300
1664 301
1665 301
1666 301
1667 301
1669 302
1670 302
1671 302
1672 302
1673 302
1675 303
1676 303
1677 303
1678 303
1679 303
1681 304
1682 304
1683 303
1684 303
1685 303
1687 304
1688 304
1689 304
1690 304
1691 304
1693 305
1694 305
1695 305
1696 305
1698 306
1699 306
1700 306
1701 306
1702 306
1704 307
1705 307
1706 307
1707 307
1708 307
1710 308
1711 308
1712 308
1713 308
1714 308
1716 309
1717 309
1718 309
1719 309
1720 309
1722 310
1723 310
1724 310
1725 310
1726 310
1728 311
1729 311
1730 311
1731 311
1732 311
1734 311
1735 311
1736 311
1737 311
1739 312
1740 312
1741 312
1742 312
1743 312
1745 313
1746 313
1747 313
1748 313
1749 313
1751 314
1752 314
1753 314
1754 314
1755 314
1757 315
1758 315
1759 315
1760 315
1761 315
1763 316
1764 316
1765 316
1766 316
1767 316
1769 317
1770 317
1771 317
1772 317
1773 317
1775 318
1776 318
1777 318
1778 318
1779 318
1781 319
1782 319
1783 319
1784 318
1785 318
1787 319
1788 319
1789 319
1790 319
1791 319
1793 320
1794 320
1795 320
1796 320
1797 320
1799 321
1800 321
1801 321
1802 321
1803 321
1805 322
1806 322
1807 322
1808 322
1809 322
1811 323
1812 323
1813 323
1814 323
1815 323
1817 324
1818 324
1819 324
1820 324
1821 324
1823 325
1824 325
1825 325
1826 325
1827 325
1829 326
1830 326
1831 326
1832 326
1833 326
1835 326
1836 326
1837 326
1838 326
1839 326
1841 327
1842 327
1843 327
1844 327
1845 327
1847 328
1848 328
1849 328
1850 328
1851 328
1853 329
1854 329
1855 329
1856 329
1857 329
1859 330
1860 330
1861 330
1862 330
1863 330
1865 331
1866 331
1867 331
1868 331
1869 331
1870 331
1872 332
1873 332
1874 332
1875 332
1876 332
1878 333
1879 333
1880 333
1881 333
1882 333
1884 334
1885 333
1886 333
1887 333
1888 333
1890 334
1891 334
1892 334
1893 334
1894 334
1896 335
1897 335
1898 335
1899 335
1900 335
1902 336
1903 336
1904 336
1905 336
1906 336
1907 336
1909 337
1910 337
1911 337
1912 337
1913 337
1915 338
1916 338
1917 338
1918 338
1919 338
1921 339
1922 339
1923 339
1924 339
1925 339
1927 340
1928 340
1929 340
1930 340
1931 340
1933 341
1934 341
1935 340
1936 340
1937 340
1938 340
1940 341
1941 341
1942 341
1943 341
1944 341
1946 342
1947 342
1948 342
1949 342
1950 342
1952 343
1953 343
1954 343
1955 343
1956 343
1957 343
1959 344
1960 344
1961 344
1962 344
1963 344
1965 345
1966 345
1967 345
1968 345
1969 345
1971 346
1972 346
1973 346
1974 346
1975 346
1976 346
1978 347
1979 347
1980 347
1981 347
1982 347
1984 348
1985 348
1986 347
1987 347
1988 347
1990 348
1991 348
1992 348
1993 348
1994 348
1995 348
1997 349
1998 349
1999 349
2000 349
2001 349
2003 350
2004 350
2005 350
2006 350
2007 350
2008 350
2010 351
2011 351
2012 351
2013 351
2014 351
2016 352
2017 352
2018 352
2019 352
2020 352
2022 353
2023 353
2024 353
2025 353
2026 353
2027 353
2029 354
2030 354
2031 354
2032 354
2033 354
2035 355
2036 354
2037 354
2038 354
2039 354
2040 354
2042 355
2043 355
2044 355
2045 355
2046 355
2048 356
2049 356
2050 356
2051 356
2052 356
2053 356
2055 357
2056 357
2057 357
2058 357
2059 357
2061 358
2062 358
2063 358
2064 358
2065 358
2066 358
2068 359
2069 359
2070 359
2071 359
2072 359
2073 359
2075 360
2076 360
2077 360
2078 360
2079 360
2081 361
2082 361
2083 361
2084 361
2085 360
2086 360
2088 361
2089 361
2090 361
2091 361
2092 361
2094 362
2095 362
2096 362
2097 362
2098 362
2099 362
2101 363
2102 363
2103 363
2104 363
2105 363
2106 363
2108 364
2109 364
2110 364
2111 364
2112 364
2114 365
2115 365
2116 365
2117 365
2118 365
2119 365
2121 366
2122 366
2123 366
2124 366
2125 366
2126 366
2128 367
2129 367
2130 367
2131 367
2132 367
2133 367
2135 367
2136 367
2137 367
2138 367
2139 367
2141 368
2142 368
2143 368
2144 368
2145 368
2146 368
2148 369
2149 369
2150 369
2151 369
2152 369
2153 369
2155 370
2156 370
2157 370
2158 370
2159 370
2160 370
2162 371
2163 371
2164 371
2165 371
2166 371
2167 371
2169 372
2170 372
2171 372
2172 372
2173 372
2174 372
2176 373
2177 373
2178 373
2179 373
2180 373
2182 374
2183 374
2184 373
2185 373
2186 373
2187 373
2189 374
2190 374
2191 374
2192 374
2193 374
2194 374
2196 375
2197 375
2198 375
2199 375
2200 375
2201 375
2203 376
2204 376
2205 376
2206 376
2207 376
2208 376
2210 377
2211 377
2212 377
2213 377
2214 377
2215 377
2217 378
2218 378
2219 378
2220 378
2221 378
2222 378
2224 379
2225 379
2226 379
2227 379
2228 379
2229 379
2231 380
2232 380
2233 379
2234 379
2235 379
2236 379
2238 380
2239 380
2240 380
2241 380
2242 380
2243 380
2245 381
2246 381
2247 381
2248 381
2249 381
2250 381
2252 382
2253 382
2254 382
2255 382
2256 382
2257 382
2258 382
2260 383
2261 383
2262 383
2263 383
2264 383
2265 383
2267 384
2268 384
2269 384
2270 384
2271 384
2272 384
2274 385
2275 385
2276 385
2277 385
2278 385
2279 385
2281 386
2282 385
2283 385
2284 385
2285 385
2286 385
2288 386
2289 386
2290 386
2291 386
2292 386
2293 386
2294 386
2296 387
2297 387
2298 387
2299 387
2300 387
2301 387
2303 388
2304 388
2305 388
2306 388
2307 388
2308 388
2310 389
2311 389
2312 389
2313 389
2314 389
2315 389
2317 390
2318 390
2319 390
2320 390
2321 390
2322 390
2323 390
2325 391
2326 391
2327 391
2328 391
2329 391
2330 390
2332 391
2333 391
2334 391
2335 391
2336 391
2337 391
2338 391
2340 392
2341 392
2342 392
2343 392
2344 392
2345 392
2347 393
2348 393
2349 393
2350 393
2351 393
2352 393
2354 394
2355 394
2356 394
2357 394
2358 394
2359 394
2360 394
2362 395
2363 395
2364 395
2365 395
2366 395
2367 395
2368 395
2370 396
2371 396
2372 396
2373 396
2374 396
2375 396
2377 397
2378 397
2379 396
2380 396
2381 396
2382 396
2383 396
2385 397
2386 397
2387 397
2388 397
2389 397
2390 397
2392 398
2393 398
2394 398
2395 398
2396 398
2397 398
2398 398
2400 399
2401 399
2402 399
2403 399
2404 399
2405 399
2406 399
2408 400
2409 400
2410 400
2411 400
2412 400
2413 400
2415 401
2416 401
2417 401
2418 401
2419 401
2420 401
2421 401
2423 402
2424 402
2425 402
2426 402
2427 401
2428 401
2429 401
2431 402
2432 402
2433 402
2434 402
2435 402
2436 402
2437 402
2439 403
2440 403
2441 403
2442 403
2443 403
2444 403
2446 404
2447 404
2448 404
2449 404
2450 404
2451 404
2452 404
2454 405
2455 405
2456 405
2457 405
2458 405
2459 405
2460 405
2462 406
2463 406
2464 406
2465 406
2466 406
2467 406
2468 406
2470 407
2471 407
2472 407
2473 407
2474 407
2475 407
2476 406
2478 407
2479 407
2480 407
2481 407
2482 407
2483 407
2484 407
2486 408
2487 408
2488 408
2489 408
2490 408
2491 408
2492 408
2494 409
2495 409
2496 409
2497 409
2498 409
2499 409
2500 409
2502 410
2503 410
2504 410
2505 410
2506 410
2507 410
2508 410
2509 410
2511 411
2512 411
2513 411
2514 411
2515 411
2516 411
2517 411
2519 412
2520 412
2521 412
2522 412
2523 412
2524 411
2525 411
2527 412
2528 412
2529 412
2530 412
2531 412
2532 412
2533 412
2535 413
2536 413
2537 413
2538 413
2539 413
2540 413
2541 413
2542 413
2544 414
2545 414
2546 414
2547 414
2548 414
2549 414
2550 414
2552 415
2553 415
2554 415
2555 415
2556 415
2557 415
2558 415
2560 416
2561 416
2562 416
2563 416
2564 416
2565 416
2566 416
2567 416
2569 417
2570 417
2571 417
2572 416
2573 416
2574 416
2575 416
2577 417
2578 417
2579 417
2580 417
2581 417
2582 417
2583 417
2584 417
2586 418
2587 418
2588 418
2589 418
2590 418
2591 418
2592 418
2594 419
2595 419
2596 419
2597 419
2598 419
2599 419
2600 419
2601 419
2603 420
2604 420
2605 420
2606 420
2607 420
2608 420
2609 420
2610 420
2612 421
2613 421
2614 421
2615 421
2616 421
2617 421
2618 421
2619 420
2621 421
2622 421
2623 421
2624 421
2625 421
2626 421
2627 421
2629 422
2630 422
2631 422
2632 422
2633 422
2634 422
2635 422
2636 422
2638 423
2639 423
2640 423
2641 423
2642 423
2643 423
2644 423
2645 423
2647 424
2648 424
2649 424
2650 424
2651 424
2652 424
2653 424
2654 424
2656 425
2657 425
2658 425
2659 425
2660 425
2661 425
2662 425
2663 425
2665 426
2666 426
2667 425
2668 425
2669 425
2670 425
2671 425
2672 425
2674 426
2675 426
2676 426
2677 426
2678 426
2679 426
2680 426
2681 426
2683 427
2684 427
2685 427
2686 427
2687 427
2688 427
2689 427
2690 427
2691 427
2693 428
2694 428
2695 428
2696 428
2697 428
2698 428
2699 428
2700 428
2702 429
2703 429
2704 429
2705 429
2706 429
2707 429
2708 429
2709 429
2711 430
2712 430
2713 430
2714 429
2715 429
2716 429
2717 429
2718 429
2719 429
2721 430
2722 430
2723 430
2724 430
2725 430
2726 430
2727 430
2728 430
2730 431
2731 431
2732 431
2733 431
2734 431
2735 431
2736 431
2737 431
2738 431
2740 432
2741 432
2742 432
2743 432
2744 432
2745 432
2746 432
2747 432
2749 433
2750 433
2751 433
2752 433
2753 433
2754 433
2755 433
2756 433
2757 433
2759 434
2760 434
2761 433
2762 433
2763 433
2764 433
2765 433
2766 433
2767 433
2769 434
2770 434
2771 434
2772 434
2773 434
2774 434
2775 434
2776 434
2777 434
2779 435
2780 435
2781 435
2782 435
2783 435
2784 435
2785 435
2786 435
2788 436
2789 436
2790 436
2791 436
2792 436
2793 436
2794 436
2795 436
2796 436
2798 437
2799 437
2800 437
2801 437
2802 437
2803 437
2804 437
2805 437
2806 437
2807 436
2809 437
2810 437
2811 437
2812 437
2813 437
2814 437
2815 437
2816 437
2817 437
2819 438
2820 438
2821 438
2822 438
2823 438
2824 438
2825 438
2826 438
2827 438
2829 439
2830 439
2831 439
2832 439
2833 439
2834 439
2835 439
2836 439
2837 439
2839 440
2840 440
2841 440
2842 440
2843 440
2844 440
2845 440
2846 440
2847 440
2848 440
2850 441
2851 441
2852 441
2853 441
2854 440
2855 440
2856 440
2857 440
2858 440
2859 440
2861 441
2862 441
2863 441
2864 441
2865 441
2866 441
2867 441
2868 441
2869 441
2871 442
2872 442
2873 442
2874 442
2875 442
2876 442
2877 442
2878 442
2879 442
2880 442
2882 443
2883 443
2884 443
2885 443
2886 443
2887 443
2888 443
2889 443
2890 443
2891 443
2893 444
2894 444
2895 444
2896 444
2897 444
2898 444
2899 444
2900 443
2901 443
2902 443
2904 444
2905 444
2906 444
2907 444
2908 444
2909 444
2910 444
2911 444
2912 444
2913 444
2915 445
2916 445
2917 445
2918 445
2919 445
2920 445
2921 445
2922 445
2923 445
2924 445
2926 446
2927 446
2928 446
2929 446
2930 446
2931 446
2932 446
2933 446
2934 446
2935 446
2936 446
2938 447
2939 447
2940 447
2941 447
2942 447
2943 447
2944 447
2945 447
2946 447
2947 446
2949 447
2950 447
2951 447
2952 447
2953 447
2954 447
2955 447
2956 447
2957 447
2958 447
2959 447
2961 448
2962 448
2963 448
2964 448
2965 448
2966 448
2967 448
2968 448
2969 448
2970 448
2971 448
2973 449
2974 449
2975 449
2976 449
2977 449
2978 449
2979 449
2980 449
2981 449
2982 449
2983 449
2985 450
2986 450
2987 450
2988 450
2989 450
2990 450
2991 450
2992 450
2993 449
2994 449
2995 449
2997 450
2998 450
2999 450
3000 450
3001 450
3002 450
3003 450
3004 450
3005 450
3006 450
3007 450
3009 451
3010 451
3011 451
3012 451
3013 451
3014 451
3015 451
3016 451
3017 451
3018 451
3019 451
3020 451
3022 452
3023 452
3024 452
3025 452
3026 452
3027 452
3028 452
3029 452
3030 452
3031 452
3032 452
3033 452
3035 453
3036 453
3037 453
3038 453
3039 452
3040 452
3041 452
3042 452
3043 452
3044 452
3045 452
3047 453
3048 453
3049 453
3050 453
3051 453
3052 453
3053 453
3054 453
3055 453
3056 453
3057 453
3058 453
3059 453
3061 454
3062 454
3063 454
3064 454
3065 454
3066 454
3067 454
3068 454
3069 454
3070 454
3071 454
3072 454
3074 455
3075 455
3076 455
3077 455
3078 455
3079 455
3080 455
3081 455
3082 455
3083 455
3084 454
3085 454
3087 455
3088 455
3089 455
3090 455
3091 455
3092 455
3093 455
3094 455
3095 455
3096 455
3097 455
3098 455
3099 455
3101 456
3102 456
3103 456
3104 456
3105 456
3106 456
3107 456
3108 456
3109 456
3110 456
3111 456
3112 456
3113 456
3115 457
3116 457
3117 457
3118 457
3119 457
3120 457
3121 457
3122 457
3123 457
3124 457
3125 457
3126 457
3127 457
3128 457
3130 457
3131 457
3132 457
3133 457
3134 457
3135 457
3136 457
3137 457
3138 457
3139 457
3140 457
3141 457
3142 457
3144 458
3145 458
3146 458
3147 458
3148 458
3149 458
3150 458
3151 458
3152 458
3153 458
3154 458
3155 458
3156 458
3157 458
3159 459
3160 459
3161 459
3162 459
3163 459
3164 459
3165 459
3166 459
3167 459
3168 459
3169 459
3170 459
3171 459
3172 459
3173 459
3175 459
3176 459
3177 459
3178 459
3179 459
3180 459
3181 459
3182 459
3183 459
3184 459
3185 459
3186 459
3187 459
3188 459
3190 460
3191 460
3192 460
3193 460
3194 460
3195 460
3196 460
3197 460
3198 460
3199 460
3200 460
3201 460
3202 460
3203 460
3204 460
3206 461
3207 461
3208 461
3209 461
3210 461
3211 461
3212 461
3213 461
3214 461
3215 461
3216 461
3217 461
3218 461
3219 460
3220 460
3221 460
3223 461
3224 461
3225 461
3226 461
3227 461
3228 461
3229 461
3230 461
3231 461
3232 461
3233 461
3234 461
3235 461
3236 461
3237 461
3238 461
3240 462
3241 462
3242 462
3243 462
3244 462
3245 462
3246 462
3247 462
3248 462
3249 462
3250 462
3251 462
3252 462
3253 462
3254 462
3255 462
3257 463
3258 463
3259 463
3260 463
3261 463
3262 463
3263 463
3264 462
3265 462
3266 462
3267 462
3268 462
3269 462
3270 462
3271 462
3272 462
3273 462
3275 463
3276 463
3277 463
3278 463
3279 463
3280 463
3281 463
3282 463
3283 463
3284 463
3285 463
3286 463
3287 463
3288 463
3289 463
3290 463
3291 463
3292 463
3294 464
3295 464
3296 464
3297 464
3298 464
3299 464
3300 464
3301 464
3302 464
3303 464
3304 464
3305 464
3306 464
3307 464
3308 463
3309 463
3310 463
3311 463
3312 463
3314 464
3315 464
3316 464
3317 464
3318 464
3319 464
3320 464
3321 464
3322 464
3323 464
3324 464
3325 464
3326 464
3327 464
3328 464
3329 464
3330 464
3331 464
3332 464
3334 465
3335 465
3336 465
3337 465
3338 465
3339 465
3340 465
3341 465
3342 465
3343 465
3344 465
3345 465
3346 465
3347 465
3348 465
3349 465
3350 465
3351 465
3352 465
3353 464
3355 465
3356 465
3357 465
3358 465
3359 465
3360 465
3361 465
3362 465
3363 465
3364 465
3365 465
3366 465
3367 465
3368 465
3369 465
3370 465
3371 465
3372 465
3373 465
3374 465
3375 465
3377 466
3378 466
3379 466
3380 466
3381 466
3382 466
3383 466
3384 466
3385 466
3386 466
3387 466
3388 466
3389 466
3390 466
3391 466
3392 466
3393 466
3394 466
3395 466
3396 466
3397 465
3398 465
3399 465
3401 466
3402 466
3403 466
3404 466
3405 466
3406 466
3407 466
3408 466
3409 466
3410 466
3411 466
3412 466
3413 466
3414 466
3415 466
3416 466
3417 466
3418 466
3419 466
3420 466
3421 466
3422 466
3423 466
3424 466
3426 467
3427 467
3428 467
3429 467
3430 467
3431 467
3432 467
3433 467
3434 467
3435 467
3436 467
3437 467
3438 467
3439 467
3440 467
3441 466
3442 466
3443 466
3444 466
3445 466
3446 466
3447 466
3448 466
3449 466
3450 466
3451 466
3453 467
3454 467
3455 467
3456 467
3457 467
3458 467
3459 467
3460 467
3461 467
3462 467
3463 467
3464 467
3465 467
3466 467
3467 467
3468 467
3469 467
3470 467
3471 467
3472 467
3473 467
3474 467
3475 467
3476 467
3477 467
3478 467
3479 467
3480 467
3482 468
3483 468
3484 468
3485 467
3486 467
3487 467
3488 467
3489 467
3490 467
3491 467
3492 467
3493 467
3494 467
3495 467
3496 467
3497 467
3498 467
3499 467
3500 467
3501 467
3502 467
3503 467
3504 467
3505 467
3506 467
3507 467
3508 467
3509 467
3510 467
3511 467
3512 467
3513 467
3515 468
3516 468
3517 468
3518 468
3519 468
3520 468
3521 468
3522 468
3523 468
3524 468
3525 468
3526 468
3527 468
3528 467
3529 467
3530 467
3531 467
3532 467
3533 467
3534 467
3535 467
3536 467
3537 467
3538 467
3539 467
3540 467
3541 467
3542 467
3543 467
3544 467
3545 467
3546 467
3547 467
3548 467
3549 467
3550 467
3551 467
3553 468
3554 468
3555 468
3556 468
3557 468
3558 468
3559 468
3560 468
3561 468
3562 468
3563 468
3564 468
3565 468
3566 468
3567 468
3568 468
3569 468
3570 468
3571 467
3572 467
3573 467
3574 467
3575 467
3576 467
3577 467
3578 467
3579 467
3580 467
3581 467
3582 467
3583 467
3584 467
3585 467
3586 467
3587 467
3588 467
3589 467
3590 467
3591 467
3592 467
3593 467
3594 467
3595 467
3596 467
3597 467
3599 468
3600 468
3601 468
3602 468
3603 468
3604 468
3605 468
3606 468
3607 468
3608 468
3609 468
3610 468
3611 468
3612 468
3613 468
3614 467
3615 467
3616 467
3617 467
3618 467
3619 467
3620 467
3621 467
3622 467
3623 467
3624 467
3625 467
3626 467
3627 467
3628 467
3629 467
3630 467
3631 467
3632 467
3633 467
3634 467
3635 467
3636 467
3637 467
3638 467
3639 467
3640 467
3641 467
3642 467
3643 467
3644 467
3645 467
3646 467
3647 467
3648 467
3649 467
3650 467
3651 467
3652 467
3653 467
3654 467
3655 467
3656 466
3657 466
3658 466
3659 466
3660 466
3661 466
3662 466
3664 467
3665 467
3666 467
3667 467
3668 467
3669 467
3670 467
3671 467
3672 467
3673 467
3674 467
3675 467
3676 467
3677 467
3678 467
3679 467
3680 467
3681 467
3682 467
3683 467
3684 467
3685 467
3686 467
3687 467
3688 467
3689 467
3690 467
3691 467
3692 467
3693 467
3694 467
3695 467
3696 467
3697 467
3698 467
3699 466
3700 466
3701 466
3702 466
3703 466
3704 466
3705 466
3706 466
3707 466
3708 466
3709 466
3710 466
3711 466
3712 466
3713 466
3714 466
3715 466
3716 466
3717 466
3718 466
3719 466
3720 466
3721 466
3722 466
3723 466
3724 466
3725 466
3726 466
3727 466
3728 466
3729 466
3730 466
3731 466
3732 466
3733 466
3734 466
3735 466
3736 466
3737 466
3738 466
3739 466
3740 466
3741 465
3742 465
3743 465
3744 465
3745 465
3746 465
3747 465
3748 465
3749 465
3750 465
3751 465
3752 465
3753 465
3754 465
3755 465
3756 465
3757 465
3758 465
3759 465
3760 465
3761 465
3762 465
3763 465
3764 465
3765 465
3766 465
3767 465
3768 465
3769 465
3770 465
3771 465
3772 465
3773 465
3774 465
3775 465
3776 465
3777 465
3778 465
3779 465
3780 465
3781 465
3782 465
3783 465
3784 464
3785 464
3786 464
3787 464
3788 464
3789 464
3790 464
3791 464
3792 464
3793 464
3794 464
3795 464
3796 464
3797 464
3798 464
3799 464
3800 464
3801 464
3802 464
3803 464
3804 464
3805 464
3806 464
3807 464
3808 464
3809 464
3810 464
3811 464
3812 464
3813 464
3814 464
3815 464
3816 464
3817 464
3818 464
3819 464
3820 464
3821 464
3822 464
3823 464
3824 464
3825 464
3826 463
3827 463
3828 463
3829 463
3830 463
3831 463
3832 463
3833 463
3834 463
3835 463
3836 463
3837 463
3838 463
3839 463
3840 463
3841 463
3842 463
3843 463
3844 463
3845 463
3846 463
3847 463
3848 463
3849 463
3850 463
3851 463
3852 463
3853 463
3854 463
3855 463
3856 463
3857 463
3858 463
3859 463
3860 463
3860 462
3861 462
3862 462
3863 462
3864 462
3865 462
3866 462
3867 461
3868 461
3869 461
3870 461
3871 461
3872 461
3873 461
3874 461
3875 461
3876 461
3877 461
3878 461
3879 461
3880 461
3881 461
3882 461
3883 461
3884 461
3885 461
3886 461
3887 461
3888 461
3889 461
3890 461
3891 461
3892 461
3893 461
3894 461
3895 461
3896 461
3897 461
3898 461
3899 461
3900 461
3901 461
3902 461
3903 461
3904 461
3905 461
3906 461
3907 461
3908 461
3909 460
3910 460
3911 460
3912 460
3913 460
3914 460
3915 460
3916 460
3917 460
3918 460
3919 460
3920 460
3921 460
3922 460
3923 460
3924 460
3924 459
3925 459
3926 459
3927 459
3928 459
3929 459
3930 459
3931 459
3932 459
3933 459
3934 459
3935 459
3936 459
3937 459
3938 459
3939 459
3940 459
3941 459
3942 459
3943 459
3944 459
3945 459
3946 459
3947 459
3948 459
3949 459
3950 458
3951 458
3952 458
3953 458
3954 458
3955 458
3956 458
3957 458
3958 458
3959 458
3960 458
3961 458
3962 458
3963 458
3964 458
3965 458
3966 458
3967 458
3968 458
3968 457
3969 457
3970 457
3971 457
3972 457
3973 457
3974 457
3975 457
3976 457
3977 457
3978 457
3979 457
3980 457
3981 457
3982 457
3983 457
3984 457
3985 457
3986 457
3987 457
3988 457
3989 457
3990 457
3991 456
3992 456
3993 456
3994 456
3995 456
3996 456
3997 456
3998 456
3999 456
4000 456
4001 456
4002 456
4003 456
4004 456
4005 456
4005 455
4006 455
4007 455
4008 455
4009 455
4010 455
4011 455
4012 455
4013 455
4014 455
4015 455
4016 455
4017 455
4018 455
4019 455
4020 455
4021 455
4022 455
4023 455
4024 455
4025 455
4026 455
4027 455
4028 455
4029 455
4030 455
4031 455
4032 454
4033 454
4034 454
4035 454
4036 454
4036 453
4037 453
4038 453
4039 453
4040 453
4041 453
4042 453
4043 453
4044 453
4045 453
4046 453
4047 453
4048 453
4049 453
4050 453
4051 453
4052 453
4053 453
4054 453
4055 453
4056 453
4057 453
4058 453
4059 453
4060 453
4061 453
4062 453
4063 453
4064 453
4064 452
4065 452
4066 452
4067 452
4068 452
4069 452
4070 452
4071 452
4072 451
4073 451
4074 451
4075 451
4076 451
4077 451
4078 451
4079 451
4080 451
4081 451
4082 451
4083 451
4084 451
4085 451
4086 451
4087 451
4088 451
4089 451
4090 451
4090 450
4091 450
4092 450
4093 450
4094 450
4095 450
4095 449
4095 448
4095 447
4095 446
4095 445
4095 444
4095 443
4095 442
4095 441
4095 440
4095 439
4095 438
4095 437
4095 436
4095 435
4095 434
4095 433
4095 431
4095 430
4095 429
4095 428
4095 427
4095 426
4095 425
4095 424
4095 423
4095 422
4095 421
4095 420
4095 419
4095 418
4095 417
4095 416
4095 415
4095 414
4095 413
4095 412
4095 411
4095 410
4095 409
4095 408
4095 407
4095 406
4095 405
4095 404
4095 403
4095 402
4095 401
4095 400
4095 399
4095 398
4095 397
4095 396
4095 395
4095 394
4095 393
4095 392
4095 391
4095 390
4095 389
4095 387
4095 386
4095 385
4095 384
4095 383
4095 382
4095 381
4095 380
4095 379
4095 378
4095 377
4095 376
4095 375
4095 374
4095 373
4095 372
4095 371
4095 370
4095 369
4095 368
4095 367
4095 366
4095 365
4095 364
4095 363
4095 362
4095 361
4095 360
4095 359
4095 358
4095 357
4095 356
4095 355
4095 354
4095 353
4095 352
4095 351
4095 350
4095 349
4095 348
4095 347
4095 346
4095 344
4095 343
4095 342
4095 341
4095 340
4095 339
4095 338
4095 337
4095 336
4095 335
4095 334
4095 333
4095 332
4095 331
4095 330
4095 329
4095 328
4095 327
4095 326
4095 325
4095 324
4095 323
4095 322
4095 321
4095 320
4095 319
4095 318
4095 317
4095 316
4095 315
4095 314
4095 313
4095 312
4095 311
4095 310
4095 309
4095 308
4095 307
4095 306
4095 305
4095 304
4095 303
4095 301
4095 300
4095 299
4095 298
4095 297
4095 296
4095 295
4095 294
4095 293
4095 292
4095 291
4095 290
4095 289
4095 288
4095 287
4095 286
4095 285
4095 284
4095 283
4095 282
4095 281
4095 280
4095 279
4095 278
4095 277
4095 276
4095 275
4095 274
4095 273
4095 272
4095 271
4095 270
4095 269
4095 268
4095 267
4095 266
4095 265
4095 264
4095 263
4095 262
4095 261
4095 260
4095 258
4095 257
4095 256
4095 255
4095 254
4095 253
4095 252
4095 251
4095 250
4095 249
4095 248
4095 247
4095 246
4095 245
4095 244
4095 243
4095 242
4095 241
4095 240
4095 239
4095 238
4095 237
4095 236
4095 235
4095 234
4095 233
4095 232
4095 231
4095 230
4095 229
4095 228
4095 227
4095 226
4095 225
4095 224
4095 223
4095 222
4095 221
4095 220
4095 219
4095 218
4095 217
4095 215
4095 214
4095 213
4095 212
4095 211
4095 210
4095 209
4095 208
4095 207
4095 206
4095 205
4095 204
4095 203
4095 202
4095 201
4095 200
4095 199
4095 198
4095 197
4095 196
4095 195
4095 194
4095 193
4095 192
4095 191
4095 190
4095 189
4095 188
4095 187
4095 186
4095 185
4095 184
4095 183
4095 182
4095 181
4095 180
4095 179
4095 178
4095 177
4095 176
4095 175
4095 174
4095 172
4095 171
4095 170
4095 169
4095 168
4095 167
4095 166
4095 165
4095 164
4095 163
4095 162
4095 161
4095 160
4095 159
4095 158
4095 157
4095 156
4095 155
4095 154
4095 153
4095 152
4095 151
4095 150
4095 149
4095 148
4095 147
4095 146
4095 145
4095 144
4095 143
4095 142
4095 141
4095 140
4095 139
4095 138
4095 137
4095 136
4095 135
4095 134
4095 133
4095 132
4095 131
4095 129
4095 128
4095 127
4095 126
4095 125
4095 124
4095 123
4095 122
4095 121
4095 120
4095 119
4095 118
4095 117
4095 116
4095 115
4095 114
4095 113
4095 112
4095 111
4095 110
4095 109
4095 108
4095 107
4095 106
4095 105
4095 104
4095 103
4095 102
4095 101
4095 100
4095 99
4095 98
4095 97
4095 96
4095 95
4095 94
4095 93
4095 92
4095 91
4095 90
4095 89
4095 88
4095 86
4095 85
4095 84
4095 83
