81 103
82 104
83 106
84 107
85 108
87 109
88 111
89 112
90 113
91 115
92 116
93 117
94 118
95 120
96 121
97 122
98 123
99 125
100 126
101 127
102 128
103 130
104 131
105 132
106 134
107 135
108 136
109 137
110 139
111 140
112 141
113 142
114 144
115 145
116 146
117 147
118 149
119 150
120 151
121 153
122 154
123 155
124 156
125 158
126 159
127 160
128 161
130 163
131 164
132 165
133 166
134 168
135 169
136 170
137 172
138 173
139 174
140 175
141 177
142 178
143 179
144 180
145 182
146 183
147 184
148 185
149 187
150 188
151 189
152 191
153 192
154 193
155 194
156 196
157 197
158 198
159 199
160 201
161 202
162 203
163 204
164 206
165 207
166 208
167 210
168 211
169 212
170 213
171 215
173 216
174 217
175 218
176 220
177 221
178 222
179 223
180 225
181 226
182 227
183 229
184 230
185 231
186 232
187 234
188 235
189 236
190 237
191 239
192 240
193 241
194 242
195 244
196 245
197 246
198 248
199 249
200 250
201 251
202 253
203 254
204 255
205 256
206 258
207 259
208 260
209 261
210 263
211 264
212 265
213 267
214 268
216 269
217 270
218 272
219 273
220 274
221 275
222 277
223 278
224 279
225 280
226 282
227 283
228 284
229 285
230 287
231 288
232 289
233 291
234 292
235 293
236 294
237 296
238 297
239 298
240 299
241 301
242 302
243 303
244 304
245 306
246 307
247 308
248 310
249 311
250 312
251 313
252 315
253 316
254 317
255 318
256 320
257 321
259 322
260 323
261 325
262 326
263 327
264 329
265 330
266 331
267 332
268 334
269 335
270 336
271 337
272 339
273 340
274 341
275 342
276 344
277 345
278 346
279 347
280 349
281 350
282 351
283 353
284 354
285 355
286 356
287 358
288 359
289 360
290 361
291 363
292 364
293 365
294 366
295 368
296 369
297 370
298 371
299 373
300 374
302 375
303 377
304 378
305 379
306 380
307 382
308 383
309 384
310 385
311 387
312 388
313 389
314 390
315 392
316 393
317 394
318 396
319 397
320 398
321 399
322 401
323 402
324 403
325 404
326 406
327 407
328 408
329 409
330 411
331 412
332 413
333 414
334 416
335 417
336 418
337 420
338 421
339 422
340 423
341 425
342 426
343 427
345 428
346 430
347 431
348 432
349 433
350 435
351 436
352 437
353 438
354 440
355 441
356 442
357 444
358 445
359 446
360 447
361 449
362 450
363 451
364 452
365 454
366 455
367 456
368 457
369 459
370 460
371 461
372 462
373 464
374 465
375 466
376 468
377 469
378 470
379 471
380 473
381 474
382 475
383 476
384 478
385 479
386 480
388 481
389 483
390 484
391 485
392 486
393 488
394 489
395 490
396 492
397 493
398 494
399 495
400 497
401 498
402 499
403 500
404 502
405 503
406 504
407 505
408 507
409 508
410 509
411 510
412 512
413 513
414 514
415 515
416 517
417 518
418 519
419 521
420 522
421 523
422 524
423 526
424 527
425 528
426 529
427 531
428 532
429 533
430 534
432 536
433 537
434 538
435 539
436 541
437 542
438 543
439 544
440 546
441 547
442 548
443 550
444 551
445 552
446 553
447 555
448 556
449 557
450 558
451 560
452 561
453 562
454 563
455 565
456 566
457 567
458 568
459 570
460 571
461 572
462 573
463 575
464 576
465 577
466 579
467 580
468 581
469 582
470 584
471 585
472 586
473 587
475 589
476 590
477 591
478 592
479 594
480 595
481 596
482 597
483 599
484 600
485 601
486 602
487 604
488 605
489 606
490 607
491 609
492 610
493 611
494 613
495 614
496 615
497 616
498 618
499 619
500 620
501 621
502 623
503 624
504 625
505 626
506 628
507 629
508 630
509 631
510 633
511 634
512 635
513 636
514 638
515 639
516 640
518 641
519 643
520 644
521 645
522 647
523 648
524 649
525 650
526 652
527 653
528 654
529 655
530 657
531 658
532 659
533 660
534 662
535 663
536 664
537 665
538 667
539 668
540 669
541 670
542 672
543 673
544 674
545 675
546 677
547 678
548 679
549 680
550 682
551 683
552 684
553 686
554 687
555 688
556 689
557 691
558 692
559 693
561 694
562 696
563 697
564 698
565 699
566 701
567 702
568 703
569 704
570 706
571 707
572 708
573 709
574 711
575 712
576 713
577 714
578 716
579 717
580 718
581 719
582 721
583 722
584 723
585 724
586 726
587 727
588 728
589 730
590 731
591 732
592 733
593 735
594 736
595 737
596 738
597 740
598 741
599 742
600 743
601 745
602 746
604 747
605 748
606 750
607 751
608 752
609 753
610 755
611 756
612 757
613 758
614 760
615 761
616 762
617 763
618 765
619 766
620 767
621 768
622 770
623 771
624 772
625 773
626 775
627 776
628 777
629 778
630 780
631 781
632 782
633 783
634 785
635 786
636 787
637 788
638 790
639 791
640 792
641 794
642 795
643 796
644 797
645 799
647 800
648 801
649 802
650 804
651 805
652 806
653 807
654 809
655 810
656 811
657 812
658 814
659 815
660 816
661 817
662 819
663 820
664 821
665 822
666 824
667 825
668 826
669 827
670 829
671 830
672 831
673 832
674 834
675 835
676 836
677 837
678 839
679 840
680 841
681 842
682 844
683 845
684 846
685 847
686 849
687 850
688 851
690 852
691 854
692 855
693 856
694 857
695 859
696 860
697 861
698 862
699 864
700 865
701 866
702 867
703 869
704 870
705 871
706 872
707 874
708 875
709 876
710 877
711 879
712 880
713 881
714 882
715 884
716 885
717 886
718 887
719 889
720 890
721 891
722 892
723 894
724 895
725 896
726 897
727 899
728 900
729 901
730 902
731 904
733 905
734 906
735 907
736 909
737 910
738 911
739 912
740 914
741 915
742 916
743 917
744 919
745 920
746 921
747 922
748 924
749 925
750 926
751 927
752 929
753 930
754 931
755 932
756 934
757 935
758 936
759 937
760 939
761 940
762 941
763 942
764 944
765 945
766 946
767 947
768 949
769 950
770 951
771 952
772 954
773 955
774 956
776 957
777 959
778 960
779 961
780 962
781 964
782 965
783 966
784 967
785 969
786 970
787 971
788 972
789 974
790 975
791 976
792 977
793 979
794 980
795 981
796 982
797 984
798 985
799 986
800 987
801 989
802 990
803 991
804 992
805 994
806 995
807 996
808 997
809 999
810 1000
811 1001
812 1002
813 1004
814 1005
815 1006
816 1007
817 1009
818 1010
820 1011
821 1012
822 1014
823 1015
824 1016
825 1017
826 1018
827 1020
828 1021
829 1022
830 1023
831 1025
832 1026
833 1027
834 1028
835 1030
836 1031
837 1032
838 1033
839 1035
840 1036
841 1037
842 1038
843 1040
844 1041
845 1042
846 1043
847 1045
848 1046
849 1047
850 1048
851 1050
852 1051
853 1052
854 1053
855 1055
856 1056
857 1057
858 1058
859 1060
860 1061
861 1062
863 1063
864 1065
865 1066
866 1067
867 1068
868 1070
869 1071
870 1072
871 1073
872 1074
873 1076
874 1077
875 1078
876 1079
877 1081
878 1082
879 1083
880 1084
881 1086
882 1087
883 1088
884 1089
885 1091
886 1092
887 1093
888 1094
889 1096
890 1097
891 1098
892 1099
893 1101
894 1102
895 1103
896 1104
897 1106
898 1107
899 1108
900 1109
901 1111
902 1112
903 1113
904 1114
906 1115
907 1117
908 1118
909 1119
910 1120
911 1122
912 1123
913 1124
914 1125
915 1127
916 1128
917 1129
918 1130
919 1132
920 1133
921 1134
922 1135
923 1137
924 1138
925 1139
926 1140
927 1142
928 1143
929 1144
930 1145
931 1146
932 1148
933 1149
934 1150
935 1151
936 1153
937 1154
938 1155
939 1156
940 1158
941 1159
942 1160
943 1161
944 1163
945 1164
946 1165
947 1166
949 1168
950 1169
951 1170
952 1171
953 1172
954 1174
955 1175
956 1176
957 1177
958 1179
959 1180
960 1181
961 1182
962 1184
963 1185
964 1186
965 1187
966 1189
967 1190
968 1191
969 1192
970 1194
971 1195
972 1196
973 1197
974 1198
975 1200
976 1201
977 1202
978 1203
979 1205
980 1206
981 1207
982 1208
983 1210
984 1211
985 1212
986 1213
987 1215
988 1216
989 1217
990 1218
992 1220
993 1221
994 1222
995 1223
996 1224
997 1226
998 1227
999 1228
1000 1229
1001 1231
1002 1232
1003 1233
1004 1234
1005 1236
1006 1237
1007 1238
1008 1239
1009 1241
1010 1242
1011 1243
1012 1244
1013 1245
1014 1247
1015 1248
1016 1249
1017 1250
1018 1252
1019 1253
1020 1254
1021 1255
1022 1257
1023 1258
1024 1259
1025 1260
1026 1262
1027 1263
1028 1264
1029 1265
1030 1266
1031 1268
1032 1269
1033 1270
1035 1271
1036 1273
1037 1274
1038 1275
1039 1276
1040 1278
1041 1279
1042 1280
1043 1281
1044 1282
1045 1284
1046 1285
1047 1286
1048 1287
1049 1289
1050 1290
1051 1291
1052 1292
1053 1294
1054 1295
1055 1296
1056 1297
1057 1298
1058 1300
1059 1301
1060 1302
1061 1303
1062 1305
1063 1306
1064 1307
1065 1308
1066 1310
1067 1311
1068 1312
1069 1313
1070 1315
1071 1316
1072 1317
1073 1318
1074 1319
1075 1321
1076 1322
1078 1323
1079 1324
1080 1326
1081 1327
1082 1328
1083 1329
1084 1331
1085 1332
1086 1333
1087 1334
1088 1335
1089 1337
1090 1338
1091 1339
1092 1340
1093 1342
1094 1343
1095 1344
1096 1345
1097 1346
1098 1348
1099 1349
1100 1350
1101 1351
1102 1353
1103 1354
1104 1355
1105 1356
1106 1358
1107 1359
1108 1360
1109 1361
1110 1362
1111 1364
1112 1365
1113 1366
1114 1367
1115 1369
1116 1370
1117 1371
1118 1372
1119 1374
1121 1375
1122 1376
1123 1377
1124 1378
1125 1380
1126 1381
1127 1382
1128 1383
1129 1385
1130 1386
1131 1387
1132 1388
1133 1389
1134 1391
1135 1392
1136 1393
1137 1394
1138 1396
1139 1397
1140 1398
1141 1399
1142 1401
1143 1402
1144 1403
1145 1404
1146 1405
1147 1407
1148 1408
1149 1409
1150 1410
1151 1412
1152 1413
1153 1414
1154 1415
1155 1416
1156 1418
1157 1419
1158 1420
1159 1421
1160 1423
1161 1424
1162 1425
1164 1426
1165 1427
1166 1429
1167 1430
1168 1431
1169 1432
1170 1434
1171 1435
1172 1436
1173 1437
1174 1439
1175 1440
1176 1441
1177 1442
1178 1443
1179 1445
1180 1446
1181 1447
1182 1448
1183 1450
1184 1451
1185 1452
1186 1453
1187 1454
1188 1456
1189 1457
1190 1458
1191 1459
1192 1461
1193 1462
1194 1463
1195 1464
1196 1465
1197 1467
1198 1468
1199 1469
1200 1470
1201 1472
1202 1473
1203 1474
1204 1475
1205 1476
1207 1478
1208 1479
1209 1480
1210 1481
1211 1483
1212 1484
1213 1485
1214 1486
1215 1487
1216 1489
1217 1490
1218 1491
1219 1492
1220 1494
1221 1495
1222 1496
1223 1497
1224 1498
1225 1500
1226 1501
1227 1502
1228 1503
1229 1504
1230 1506
1231 1507
1232 1508
1233 1509
1234 1511
1235 1512
1236 1513
1237 1514
1238 1515
1239 1517
1240 1518
1241 1519
1242 1520
1243 1522
1244 1523
1245 1524
1246 1525
1247 1526
1248 1528
1249 1529
1251 1530
1252 1531
1253 1533
1254 1534
1255 1535
1256 1536
1257 1537
1258 1539
1259 1540
1260 1541
1261 1542
1262 1544
1263 1545
1264 1546
1265 1547
1266 1548
1267 1550
1268 1551
1269 1552
1270 1553
1271 1554
1272 1556
1273 1557
1274 1558
1275 1559
1276 1561
1277 1562
1278 1563
1279 1564
1280 1565
1281 1567
1282 1568
1283 1569
1284 1570
1285 1571
1286 1573
1287 1574
1288 1575
1289 1576
1290 1578
1291 1579
1292 1580
1294 1581
1295 1582
1296 1584
1297 1585
1298 1586
1299 1587
1300 1589
1301 1590
1302 1591
1303 1592
1304 1593
1305 1595
1306 1596
1307 1597
1308 1598
1309 1599
1310 1601
1311 1602
1312 1603
1313 1604
1314 1606
1315 1607
1316 1608
1317 1609
1318 1610
1319 1612
1320 1613
1321 1614
1322 1615
1323 1616
1324 1618
1325 1619
1326 1620
1327 1621
1328 1622
1329 1624
1330 1625
1331 1626
1332 1627
1333 1629
1334 1630
1335 1631
1337 1632
1338 1633
1339 1635
1340 1636
1341 1637
1342 1638
1343 1639
1344 1641
1345 1642
1346 1643
1347 1644
1348 1646
1349 1647
1350 1648
1351 1649
1352 1650
1353 1652
1354 1653
1355 1654
1356 1655
1357 1656
1358 1658
1359 1659
1360 1660
1361 1661
1362 1662
1363 1664
1364 1665
1365 1666
1366 1667
1367 1669
1368 1670
1369 1671
1370 1672
1371 1673
1372 1675
1373 1676
1374 1677
1375 1678
1376 1679
1377 1681
1378 1682
1380 1683
1381 1684
1382 1685
1383 1687
1384 1688
1385 1689
1386 1690
1387 1691
1388 1693
1389 1694
1390 1695
1391 1696
1392 1698
1393 1699
1394 1700
1395 1701
1396 1702
1397 1704
1398 1705
1399 1706
1400 1707
1401 1708
1402 1710
1403 1711
1404 1712
1405 1713
1406 1714
1407 1716
1408 1717
1409 1718
1410 1719
1411 1720
1412 1722
1413 1723
1414 1724
1415 1725
1416 1726
1417 1728
1418 1729
1419 1730
1420 1731
1421 1732
1423 1734
1424 1735
1425 1736
1426 1737
1427 1739
1428 1740
1429 1741
1430 1742
1431 1743
1432 1745
1433 1746
1434 1747
1435 1748
1436 1749
1437 1751
1438 1752
1439 1753
1440 1754
1441 1755
1442 1757
1443 1758
1444 1759
1445 1760
1446 1761
1447 1763
1448 1764
1449 1765
1450 1766
1451 1767
1452 1769
1453 1770
1454 1771
1455 1772
1456 1773
1457 1775
1458 1776
1459 1777
1460 1778
1461 1779
1462 1781
1463 1782
1464 1783
1466 1784
1467 1785
1468 1787
1469 1788
1470 1789
1471 1790
1472 1791
1473 1793
1474 1794
1475 1795
1476 1796
1477 1797
1478 1799
1479 1800
1480 1801
1481 1802
1482 1803
1483 1805
1484 1806
1485 1807
1486 1808
1487 1809
1488 1811
1489 1812
1490 1813
1491 1814
1492 1815
1493 1817
1494 1818
1495 1819
1496 1820
1497 1821
1498 1823
1499 1824
1500 1825
1501 1826
1502 1827
1503 1829
1504 1830
1505 1831
1506 1832
1507 1833
1509 1835
1510 1836
1511 1837
1512 1838
1513 1839
1514 1841
1515 1842
1516 1843
1517 1844
1518 1845
1519 1847
1520 1848
1521 1849
1522 1850
1523 1851
1524 1853
1525 1854
1526 1855
1527 1856
1528 1857
1529 1859
1530 1860
1531 1861
1532 1862
1533 1863
1534 1865
1535 1866
1536 1867
1537 1868
1538 1869
1539 1870
1540 1872
1541 1873
1542 1874
1543 1875
1544 1876
1545 1878
1546 1879
1547 1880
1548 1881
1549 1882
1550 1884
1552 1885
1553 1886
1554 1887
1555 1888
1556 1890
1557 1891
1558 1892
1559 1893
1560 1894
1561 1896
1562 1897
1563 1898
1564 1899
1565 1900
1566 1902
1567 1903
1568 1904
1569 1905
1570 1906
1571 1907
1572 1909
1573 1910
1574 1911
1575 1912
1576 1913
1577 1915
1578 1916
1579 1917
1580 1918
1581 1919
1582 1921
1583 1922
1584 1923
1585 1924
1586 1925
1587 1927
1588 1928
1589 1929
1590 1930
1591 1931
1592 1933
1593 1934
1595 1935
1596 1936
1597 1937
1598 1938
1599 1940
1600 1941
1601 1942
1602 1943
1603 1944
1604 1946
1605 1947
1606 1948
1607 1949
1608 1950
1609 1952
1610 1953
1611 1954
1612 1955
1613 1956
1614 1957
1615 1959
1616 1960
1617 1961
1618 1962
1619 1963
1620 1965
1621 1966
1622 1967
1623 1968
1624 1969
1625 1971
1626 1972
1627 1973
1628 1974
1629 1975
1630 1976
1631 1978
1632 1979
1633 1980
1634 1981
1635 1982
1636 1984
1637 1985
1639 1986
1640 1987
1641 1988
1642 1990
1643 1991
1644 1992
1645 1993
1646 1994
1647 1995
1648 1997
1649 1998
1650 1999
1651 2000
1652 2001
1653 2003
1654 2004
1655 2005
1656 2006
1657 2007
1658 2008
1659 2010
1660 2011
1661 2012
1662 2013
1663 2014
1664 2016
1665 2017
1666 2018
1667 2019
1668 2020
1669 2022
1670 2023
1671 2024
1672 2025
1673 2026
1674 2027
1675 2029
1676 2030
1677 2031
1678 2032
1679 2033
1680 2035
1682 2036
1683 2037
1684 2038
1685 2039
1686 2040
1687 2042
1688 2043
1689 2044
1690 2045
1691 2046
1692 2048
1693 2049
1694 2050
1695 2051
1696 2052
1697 2053
1698 2055
1699 2056
1700 2057
1701 2058
1702 2059
1703 2061
1704 2062
1705 2063
1706 2064
1707 2065
1708 2066
1709 2068
1710 2069
1711 2070
1712 2071
1713 2072
1714 2073
1715 2075
1716 2076
1717 2077
1718 2078
1719 2079
1720 2081
1721 2082
1722 2083
1723 2084
1725 2085
1726 2086
1727 2088
1728 2089
1729 2090
1730 2091
1731 2092
1732 2094
1733 2095
1734 2096
1735 2097
1736 2098
1737 2099
1738 2101
1739 2102
1740 2103
1741 2104
1742 2105
1743 2106
1744 2108
1745 2109
1746 2110
1747 2111
1748 2112
1749 2114
1750 2115
1751 2116
1752 2117
1753 2118
1754 2119
1755 2121
1756 2122
1757 2123
1758 2124
1759 2125
1760 2126
1761 2128
1762 2129
1763 2130
1764 2131
1765 2132
1766 2133
1768 2135
1769 2136
1770 2137
1771 2138
1772 2139
1773 2141
1774 2142
1775 2143
1776 2144
1777 2145
1778 2146
1779 2148
1780 2149
1781 2150
1782 2151
1783 2152
1784 2153
1785 2155
1786 2156
1787 2157
1788 2158
1789 2159
1790 2160
1791 2162
1792 2163
1793 2164
1794 2165
1795 2166
1796 2167
1797 2169
1798 2170
1799 2171
1800 2172
1801 2173
1802 2174
1803 2176
1804 2177
1805 2178
1806 2179
1807 2180
1808 2182
1809 2183
1811 2184
1812 2185
1813 2186
1814 2187
1815 2189
1816 2190
1817 2191
1818 2192
1819 2193
1820 2194
1821 2196
1822 2197
1823 2198
1824 2199
1825 2200
1826 2201
1827 2203
1828 2204
1829 2205
1830 2206
1831 2207
1832 2208
1833 2210
1834 2211
1835 2212
1836 2213
1837 2214
1838 2215
1839 2217
1840 2218
1841 2219
1842 2220
1843 2221
1844 2222
1845 2224
1846 2225
1847 2226
1848 2227
1849 2228
1850 2229
1851 2231
1852 2232
1854 2233
1855 2234
1856 2235
1857 2236
1858 2238
1859 2239
1860 2240
1861 2241
1862 2242
1863 2243
1864 2245
1865 2246
1866 2247
1867 2248
1868 2249
1869 2250
1870 2252
1871 2253
1872 2254
1873 2255
1874 2256
1875 2257
1876 2258
1877 2260
1878 2261
1879 2262
1880 2263
1881 2264
1882 2265
1883 2267
1884 2268
1885 2269
1886 2270
1887 2271
1888 2272
1889 2274
1890 2275
1891 2276
1892 2277
1893 2278
1894 2279
1895 2281
1897 2282
1898 2283
1899 2284
1900 2285
1901 2286
1902 2288
1903 2289
1904 2290
1905 2291
1906 2292
1907 2293
1908 2294
1909 2296
1910 2297
1911 2298
1912 2299
1913 2300
1914 2301
1915 2303
1916 2304
1917 2305
1918 2306
1919 2307
1920 2308
1921 2310
1922 2311
1923 2312
1924 2313
1925 2314
1926 2315
1927 2317
1928 2318
1929 2319
1930 2320
1931 2321
1932 2322
1933 2323
1934 2325
1935 2326
1936 2327
1937 2328
1938 2329
1940 2330
1941 2332
1942 2333
1943 2334
1944 2335
1945 2336
1946 2337
1947 2338
1948 2340
1949 2341
1950 2342
1951 2343
1952 2344
1953 2345
1954 2347
1955 2348
1956 2349
1957 2350
1958 2351
1959 2352
1960 2354
1961 2355
1962 2356
1963 2357
1964 2358
1965 2359
1966 2360
1967 2362
1968 2363
1969 2364
1970 2365
1971 2366
1972 2367
1973 2368
1974 2370
1975 2371
1976 2372
1977 2373
1978 2374
1979 2375
1980 2377
1981 2378
1983 2379
1984 2380
1985 2381
1986 2382
1987 2383
1988 2385
1989 2386
1990 2387
1991 2388
1992 2389
1993 2390
1994 2392
1995 2393
1996 2394
1997 2395
1998 2396
1999 2397
2000 2398
2001 2400
2002 2401
2003 2402
2004 2403
2005 2404
2006 2405
2007 2406
2008 2408
2009 2409
2010 2410
2011 2411
2012 2412
2013 2413
2014 2415
2015 2416
2016 2417
2017 2418
2018 2419
2019 2420
2020 2421
2021 2423
2022 2424
2023 2425
2024 2426
2026 2427
2027 2428
2028 2429
2029 2431
2030 2432
2031 2433
2032 2434
2033 2435
2034 2436
2035 2437
2036 2439
2037 2440
2038 2441
2039 2442
2040 2443
2041 2444
2042 2446
2043 2447
2044 2448
2045 2449
2046 2450
2047 2451
2048 2452
2049 2454
2050 2455
2051 2456
2052 2457
2053 2458
2054 2459
2055 2460
2056 2462
2057 2463
2058 2464
2059 2465
2060 2466
2061 2467
2062 2468
2063 2470
2064 2471
2065 2472
2066 2473
2067 2474
2068 2475
2070 2476
2071 2478
2072 2479
2073 2480
2074 2481
2075 2482
2076 2483
2077 2484
2078 2486
2079 2487
2080 2488
2081 2489
2082 2490
2083 2491
2084 2492
2085 2494
2086 2495
2087 2496
2088 2497
2089 2498
2090 2499
2091 2500
2092 2502
2093 2503
2094 2504
2095 2505
2096 2506
2097 2507
2098 2508
2099 2509
2100 2511
2101 2512
2102 2513
2103 2514
2104 2515
2105 2516
2106 2517
2107 2519
2108 2520
2109 2521
2110 2522
2111 2523
2113 2524
2114 2525
2115 2527
2116 2528
2117 2529
2118 2530
2119 2531
2120 2532
2121 2533
2122 2535
2123 2536
2124 2537
2125 2538
2126 2539
2127 2540
2128 2541
2129 2542
2130 2544
2131 2545
2132 2546
2133 2547
2134 2548
2135 2549
2136 2550
2137 2552
2138 2553
2139 2554
2140 2555
2141 2556
2142 2557
2143 2558
2144 2560
2145 2561
2146 2562
2147 2563
2148 2564
2149 2565
2150 2566
2151 2567
2152 2569
2153 2570
2154 2571
2156 2572
2157 2573
2158 2574
2159 2575
2160 2577
2161 2578
2162 2579
2163 2580
2164 2581
2165 2582
2166 2583
2167 2584
2168 2586
2169 2587
2170 2588
2171 2589
2172 2590
2173 2591
2174 2592
2175 2594
2176 2595
2177 2596
2178 2597
2179 2598
2180 2599
2181 2600
2182 2601
2183 2603
2184 2604
2185 2605
2186 2606
2187 2607
2188 2608
2189 2609
2190 2610
2191 2612
2192 2613
2193 2614
2194 2615
2195 2616
2196 2617
2197 2618
2199 2619
2200 2621
2201 2622
2202 2623
2203 2624
2204 2625
2205 2626
2206 2627
2207 2629
2208 2630
2209 2631
2210 2632
2211 2633
2212 2634
2213 2635
2214 2636
2215 2638
2216 2639
2217 2640
2218 2641
2219 2642
2220 2643
2221 2644
2222 2645
2223 2647
2224 2648
2225 2649
2226 2650
2227 2651
2228 2652
2229 2653
2230 2654
2231 2656
2232 2657
2233 2658
2234 2659
2235 2660
2236 2661
2237 2662
2238 2663
2239 2665
2240 2666
2242 2667
2243 2668
2244 2669
2245 2670
2246 2671
2247 2672
2248 2674
2249 2675
2250 2676
2251 2677
2252 2678
2253 2679
2254 2680
2255 2681
2256 2683
2257 2684
2258 2685
2259 2686
2260 2687
2261 2688
2262 2689
2263 2690
2264 2691
2265 2693
2266 2694
2267 2695
2268 2696
2269 2697
2270 2698
2271 2699
2272 2700
2273 2702
2274 2703
2275 2704
2276 2705
2277 2706
2278 2707
2279 2708
2280 2709
2281 2711
2282 2712
2283 2713
2285 2714
2286 2715
2287 2716
2288 2717
2289 2718
2290 2719
2291 2721
2292 2722
2293 2723
2294 2724
2295 2725
2296 2726
2297 2727
2298 2728
2299 2730
2300 2731
2301 2732
2302 2733
2303 2734
2304 2735
2305 2736
2306 2737
2307 2738
2308 2740
2309 2741
2310 2742
2311 2743
2312 2744
2313 2745
2314 2746
2315 2747
2316 2749
2317 2750
2318 2751
2319 2752
2320 2753
2321 2754
2322 2755
2323 2756
2324 2757
2325 2759
2326 2760
2328 2761
2329 2762
2330 2763
2331 2764
2332 2765
2333 2766
2334 2767
2335 2769
2336 2770
2337 2771
2338 2772
2339 2773
2340 2774
2341 2775
2342 2776
2343 2777
2344 2779
2345 2780
2346 2781
2347 2782
2348 2783
2349 2784
2350 2785
2351 2786
2352 2788
2353 2789
2354 2790
2355 2791
2356 2792
2357 2793
2358 2794
2359 2795
2360 2796
2361 2798
2362 2799
2363 2800
2364 2801
2365 2802
2366 2803
2367 2804
2368 2805
2369 2806
2371 2807
2372 2809
2373 2810
2374 2811
2375 2812
2376 2813
2377 2814
2378 2815
2379 2816
2380 2817
2381 2819
2382 2820
2383 2821
2384 2822
2385 2823
2386 2824
2387 2825
2388 2826
2389 2827
2390 2829
2391 2830
2392 2831
2393 2832
2394 2833
2395 2834
2396 2835
2397 2836
2398 2837
2399 2839
2400 2840
2401 2841
2402 2842
2403 2843
2404 2844
2405 2845
2406 2846
2407 2847
2408 2848
2409 2850
2410 2851
2411 2852
2412 2853
2414 2854
2415 2855
2416 2856
2417 2857
2418 2858
2419 2859
2420 2861
2421 2862
2422 2863
2423 2864
2424 2865
2425 2866
2426 2867
2427 2868
2428 2869
2429 2871
2430 2872
2431 2873
2432 2874
2433 2875
2434 2876
2435 2877
2436 2878
2437 2879
2438 2880
2439 2882
2440 2883
2441 2884
2442 2885
2443 2886
2444 2887
2445 2888
2446 2889
2447 2890
2448 2891
2449 2893
2450 2894
2451 2895
2452 2896
2453 2897
2454 2898
2455 2899
2457 2900
2458 2901
2459 2902
2460 2904
2461 2905
2462 2906
2463 2907
2464 2908
2465 2909
2466 2910
2467 2911
2468 2912
2469 2913
2470 2915
2471 2916
2472 2917
2473 2918
2474 2919
2475 2920
2476 2921
2477 2922
2478 2923
2479 2924
2480 2926
2481 2927
2482 2928
2483 2929
2484 2930
2485 2931
2486 2932
2487 2933
2488 2934
2489 2935
2490 2936
2491 2938
2492 2939
2493 2940
2494 2941
2495 2942
2496 2943
2497 2944
2498 2945
2499 2946
2501 2947
2502 2949
2503 2950
2504 2951
2505 2952
2506 2953
2507 2954
2508 2955
2509 2956
2510 2957
2511 2958
2512 2959
2513 2961
2514 2962
2515 2963
2516 2964
2517 2965
2518 2966
2519 2967
2520 2968
2521 2969
2522 2970
2523 2971
2524 2973
2525 2974
2526 2975
2527 2976
2528 2977
2529 2978
2530 2979
2531 2980
2532 2981
2533 2982
2534 2983
2535 2985
2536 2986
2537 2987
2538 2988
2539 2989
2540 2990
2541 2991
2542 2992
2544 2993
2545 2994
2546 2995
2547 2997
2548 2998
2549 2999
2550 3000
2551 3001
2552 3002
2553 3003
2554 3004
2555 3005
2556 3006
2557 3007
2558 3009
2559 3010
2560 3011
2561 3012
2562 3013
2563 3014
2564 3015
2565 3016
2566 3017
2567 3018
2568 3019
2569 3020
2570 3022
2571 3023
2572 3024
2573 3025
2574 3026
2575 3027
2576 3028
2577 3029
2578 3030
2579 3031
2580 3032
2581 3033
2582 3035
2583 3036
2584 3037
2585 3038
2587 3039
2588 3040
2589 3041
2590 3042
2591 3043
2592 3044
2593 3045
2594 3047
2595 3048
2596 3049
2597 3050
2598 3051
2599 3052
2600 3053
2601 3054
2602 3055
2603 3056
2604 3057
2605 3058
2606 3059
2607 3061
2608 3062
2609 3063
2610 3064
2611 3065
2612 3066
2613 3067
2614 3068
2615 3069
2616 3070
2617 3071
2618 3072
2619 3074
2620 3075
2621 3076
2622 3077
2623 3078
2624 3079
2625 3080
2626 3081
2627 3082
2628 3083
2630 3084
2631 3085
2632 3087
2633 3088
2634 3089
2635 3090
2636 3091
2637 3092
2638 3093
2639 3094
2640 3095
2641 3096
2642 3097
2643 3098
2644 3099
2645 3101
2646 3102
2647 3103
2648 3104
2649 3105
2650 3106
2651 3107
2652 3108
2653 3109
2654 3110
2655 3111
2656 3112
2657 3113
2658 3115
2659 3116
2660 3117
2661 3118
2662 3119
2663 3120
2664 3121
2665 3122
2666 3123
2667 3124
2668 3125
2669 3126
2670 3127
2671 3128
2673 3130
2674 3131
2675 3132
2676 3133
2677 3134
2678 3135
2679 3136
2680 3137
2681 3138
2682 3139
2683 3140
2684 3141
2685 3142
2686 3144
2687 3145
2688 3146
2689 3147
2690 3148
2691 3149
2692 3150
2693 3151
2694 3152
2695 3153
2696 3154
2697 3155
2698 3156
2699 3157
2700 3159
2701 3160
2702 3161
2703 3162
2704 3163
2705 3164
2706 3165
2707 3166
2708 3167
2709 3168
2710 3169
2711 3170
2712 3171
2713 3172
2714 3173
2716 3175
2717 3176
2718 3177
2719 3178
2720 3179
2721 3180
2722 3181
2723 3182
2724 3183
2725 3184
2726 3185
2727 3186
2728 3187
2729 3188
2730 3190
2731 3191
2732 3192
2733 3193
2734 3194
2735 3195
2736 3196
2737 3197
2738 3198
2739 3199
2740 3200
2741 3201
2742 3202
2743 3203
2744 3204
2745 3206
2746 3207
2747 3208
2748 3209
2749 3210
2750 3211
2751 3212
2752 3213
2753 3214
2754 3215
2755 3216
2756 3217
2757 3218
2759 3219
2760 3220
2761 3221
2762 3223
2763 3224
2764 3225
2765 3226
2766 3227
2767 3228
2768 3229
2769 3230
2770 3231
2771 3232
2772 3233
2773 3234
2774 3235
2775 3236
2776 3237
2777 3238
2778 3240
2779 3241
2780 3242
2781 3243
2782 3244
2783 3245
2784 3246
2785 3247
2786 3248
2787 3249
2788 3250
2789 3251
2790 3252
2791 3253
2792 3254
2793 3255
2794 3257
2795 3258
2796 3259
2797 3260
2798 3261
2799 3262
2800 3263
2802 3264
2803 3265
2804 3266
2805 3267
2806 3268
2807 3269
2808 3270
2809 3271
2810 3272
2811 3273
2812 3275
2813 3276
2814 3277
2815 3278
2816 3279
2817 3280
2818 3281
2819 3282
2820 3283
2821 3284
2822 3285
2823 3286
2824 3287
2825 3288
2826 3289
2827 3290
2828 3291
2829 3292
2830 3294
2831 3295
2832 3296
2833 3297
2834 3298
2835 3299
2836 3300
2837 3301
2838 3302
2839 3303
2840 3304
2841 3305
2842 3306
2843 3307
2845 3308
2846 3309
2847 3310
2848 3311
2849 3312
2850 3314
2851 3315
2852 3316
2853 3317
2854 3318
2855 3319
2856 3320
2857 3321
2858 3322
2859 3323
2860 3324
2861 3325
2862 3326
2863 3327
2864 3328
2865 3329
2866 3330
2867 3331
2868 3332
2869 3334
2870 3335
2871 3336
2872 3337
2873 3338
2874 3339
2875 3340
2876 3341
2877 3342
2878 3343
2879 3344
2880 3345
2881 3346
2882 3347
2883 3348
2884 3349
2885 3350
2886 3351
2887 3352
2889 3353
2890 3355
2891 3356
2892 3357
2893 3358
2894 3359
2895 3360
2896 3361
2897 3362
2898 3363
2899 3364
2900 3365
2901 3366
2902 3367
2903 3368
2904 3369
2905 3370
2906 3371
2907 3372
2908 3373
2909 3374
2910 3375
2911 3377
2912 3378
2913 3379
2914 3380
2915 3381
2916 3382
2917 3383
2918 3384
2919 3385
2920 3386
2921 3387
2922 3388
2923 3389
2924 3390
2925 3391
2926 3392
2927 3393
2928 3394
2929 3395
2930 3396
2932 3397
2933 3398
2934 3399
2935 3401
2936 3402
2937 3403
2938 3404
2939 3405
2940 3406
2941 3407
2942 3408
2943 3409
2944 3410
2945 3411
2946 3412
2947 3413
2948 3414
2949 3415
2950 3416
2951 3417
2952 3418
2953 3419
2954 3420
2955 3421
2956 3422
2957 3423
2958 3424
2959 3426
2960 3427
2961 3428
2962 3429
2963 3430
2964 3431
2965 3432
2966 3433
2967 3434
2968 3435
2969 3436
2970 3437
2971 3438
2972 3439
2973 3440
2975 3441
2976 3442
2977 3443
2978 3444
2979 3445
2980 3446
2981 3447
2982 3448
2983 3449
2984 3450
2985 3451
2986 3453
2987 3454
2988 3455
2989 3456
2990 3457
2991 3458
2992 3459
2993 3460
2994 3461
2995 3462
2996 3463
2997 3464
2998 3465
2999 3466
3000 3467
3001 3468
3002 3469
3003 3470
3004 3471
3005 3472
3006 3473
3007 3474
3008 3475
3009 3476
3010 3477
3011 3478
3012 3479
3013 3480
3014 3482
3015 3483
3016 3484
3018 3485
3019 3486
3020 3487
3021 3488
3022 3489
3023 3490
3024 3491
3025 3492
3026 3493
3027 3494
3028 3495
3029 3496
3030 3497
3031 3498
3032 3499
3033 3500
3034 3501
3035 3502
3036 3503
3037 3504
3038 3505
3039 3506
3040 3507
3041 3508
3042 3509
3043 3510
3044 3511
3045 3512
3046 3513
3047 3515
3048 3516
3049 3517
3050 3518
3051 3519
3052 3520
3053 3521
3054 3522
3055 3523
3056 3524
3057 3525
3058 3526
3059 3527
3061 3528
3062 3529
3063 3530
3064 3531
3065 3532
3066 3533
3067 3534
3068 3535
3069 3536
3070 3537
3071 3538
3072 3539
3073 3540
3074 3541
3075 3542
3076 3543
3077 3544
3078 3545
3079 3546
3080 3547
3081 3548
3082 3549
3083 3550
3084 3551
3085 3553
3086 3554
3087 3555
3088 3556
3089 3557
3090 3558
3091 3559
3092 3560
3093 3561
3094 3562
3095 3563
3096 3564
3097 3565
3098 3566
3099 3567
3100 3568
3101 3569
3102 3570
3104 3571
3105 3572
3106 3573
3107 3574
3108 3575
3109 3576
3110 3577
3111 3578
3112 3579
3113 3580
3114 3581
3115 3582
3116 3583
3117 3584
3118 3585
3119 3586
3120 3587
3121 3588
3122 3589
3123 3590
3124 3591
3125 3592
3126 3593
3127 3594
3128 3595
3129 3596
3130 3597
3131 3599
3132 3600
3133 3601
3134 3602
3135 3603
3136 3604
3137 3605
3138 3606
3139 3607
3140 3608
3141 3609
3142 3610
3143 3611
3144 3612
3145 3613
3147 3614
3148 3615
3149 3616
3150 3617
3151 3618
3152 3619
3153 3620
3154 3621
3155 3622
3156 3623
3157 3624
3158 3625
3159 3626
3160 3627
3161 3628
3162 3629
3163 3630
3164 3631
3165 3632
3166 3633
3167 3634
3168 3635
3169 3636
3170 3637
3171 3638
3172 3639
3173 3640
3174 3641
3175 3642
3176 3643
3177 3644
3178 3645
3179 3646
3180 3647
3181 3648
3182 3649
3183 3650
3184 3651
3185 3652
3186 3653
3187 3654
3188 3655
3190 3656
3191 3657
3192 3658
3193 3659
3194 3660
3195 3661
3196 3662
3197 3664
3198 3665
3199 3666
3200 3667
3201 3668
3202 3669
3203 3670
3204 3671
3205 3672
3206 3673
3207 3674
3208 3675
3209 3676
3210 3677
3211 3678
3212 3679
3213 3680
3214 3681
3215 3682
3216 3683
3217 3684
3218 3685
3219 3686
3220 3687
3221 3688
3222 3689
3223 3690
3224 3691
3225 3692
3226 3693
3227 3694
3228 3695
3229 3696
3230 3697
3231 3698
3233 3699
3234 3700
3235 3701
3236 3702
3237 3703
3238 3704
3239 3705
3240 3706
3241 3707
3242 3708
3243 3709
3244 3710
3245 3711
3246 3712
3247 3713
3248 3714
3249 3715
3250 3716
3251 3717
3252 3718
3253 3719
3254 3720
3255 3721
3256 3722
3257 3723
3258 3724
3259 3725
3260 3726
3261 3727
3262 3728
3263 3729
3264 3730
3265 3731
3266 3732
3267 3733
3268 3734
3269 3735
3270 3736
3271 3737
3272 3738
3273 3739
3274 3740
3276 3741
3277 3742
3278 3743
3279 3744
3280 3745
3281 3746
3282 3747
3283 3748
3284 3749
3285 3750
3286 3751
3287 3752
3288 3753
3289 3754
3290 3755
3291 3756
3292 3757
3293 3758
3294 3759
3295 3760
3296 3761
3297 3762
3298 3763
3299 3764
3300 3765
3301 3766
3302 3767
3303 3768
3304 3769
3305 3770
3306 3771
3307 3772
3308 3773
3309 3774
3310 3775
3311 3776
3312 3777
3313 3778
3314 3779
3315 3780
3316 3781
3317 3782
3318 3783
3320 3784
3321 3785
3322 3786
3323 3787
3324 3788
3325 3789
3326 3790
3327 3791
3328 3792
3329 3793
3330 3794
3331 3795
3332 3796
3333 3797
3334 3798
3335 3799
3336 3800
3337 3801
3338 3802
3339 3803
3340 3804
3341 3805
3342 3806
3343 3807
3344 3808
3345 3809
3346 3810
3347 3811
3348 3812
3349 3813
3350 3814
3351 3815
3352 3816
3353 3817
3354 3818
3355 3819
3356 3820
3357 3821
3358 3822
3359 3823
3360 3824
3361 3825
3363 3826
3364 3827
3365 3828
3366 3829
3367 3830
3368 3831
3369 3832
3370 3833
3371 3834
3372 3835
3373 3836
3374 3837
3375 3838
3376 3839
3377 3840
3378 3841
3379 3842
3380 3843
3381 3844
3382 3845
3383 3846
3384 3847
3385 3848
3386 3849
3387 3850
3388 3851
3389 3852
3390 3853
3391 3854
3392 3855
3393 3856
3394 3857
3395 3858
3396 3859
3397 3860
3398 3860
3399 3861
3400 3862
3401 3863
3402 3864
3403 3865
3404 3866
3406 3867
3407 3868
3408 3869
3409 3870
3410 3871
3411 3872
3412 3873
3413 3874
3414 3875
3415 3876
3416 3877
3417 3878
3418 3879
3419 3880
3420 3881
3421 3882
3422 3883
3423 3884
3424 3885
3425 3886
3426 3887
3427 3888
3428 3889
3429 3890
3430 3891
3431 3892
3432 3893
3433 3894
3434 3895
3435 3896
3436 3897
3437 3898
3438 3899
3439 3900
3440 3901
3441 3902
3442 3903
3443 3904
3444 3905
3445 3906
3446 3907
3447 3908
3449 3909
3450 3910
3451 3911
3452 3912
3453 3913
3454 3914
3455 3915
3456 3916
3457 3917
3458 3918
3459 3919
3460 3920
3461 3921
3462 3922
3463 3923
3464 3924
3465 3924
3466 3925
3467 3926
3468 3927
3469 3928
3470 3929
3471 3930
3472 3931
3473 3932
3474 3933
3475 3934
3476 3935
3477 3936
3478 3937
3479 3938
3480 3939
3481 3940
3482 3941
3483 3942
3484 3943
3485 3944
3486 3945
3487 3946
3488 3947
3489 3948
3490 3949
3492 3950
3493 3951
3494 3952
3495 3953
3496 3954
3497 3955
3498 3956
3499 3957
3500 3958
3501 3959
3502 3960
3503 3961
3504 3962
3505 3963
3506 3964
3507 3965
3508 3966
3509 3967
3510 3968
3511 3968
3512 3969
3513 3970
3514 3971
3515 3972
3516 3973
3517 3974
3518 3975
3519 3976
3520 3977
3521 3978
3522 3979
3523 3980
3524 3981
3525 3982
3526 3983
3527 3984
3528 3985
3529 3986
3530 3987
3531 3988
3532 3989
3533 3990
3535 3991
3536 3992
3537 3993
3538 3994
3539 3995
3540 3996
3541 3997
3542 3998
3543 3999
3544 4000
3545 4001
3546 4002
3547 4003
3548 4004
3549 4005
3550 4005
3551 4006
3552 4007
3553 4008
3554 4009
3555 4010
3556 4011
3557 4012
3558 4013
3559 4014
3560 4015
3561 4016
3562 4017
3563 4018
3564 4019
3565 4020
3566 4021
3567 4022
3568 4023
3569 4024
3570 4025
3571 4026
3572 4027
3573 4028
3574 4029
3575 4030
3576 4031
3578 4032
3579 4033
3580 4034
3581 4035
3582 4036
3583 4036
3584 4037
3585 4038
3586 4039
3587 4040
3588 4041
3589 4042
3590 4043
3591 4044
3592 4045
3593 4046
3594 4047
3595 4048
3596 4049
3597 4050
3598 4051
3599 4052
3600 4053
3601 4054
3602 4055
3603 4056
3604 4057
3605 4058
3606 4059
3607 4060
3608 4061
3609 4062
3610 4063
3611 4064
3612 4064
3613 4065
3614 4066
3615 4067
3616 4068
3617 4069
3618 4070
3619 4071
3621 4072
3622 4073
3623 4074
3624 4075
3625 4076
3626 4077
3627 4078
3628 4079
3629 4080
3630 4081
3631 4082
3632 4083
3633 4084
3634 4085
3635 4086
3636 4087
3637 4088
3638 4089
3639 4090
3640 4090
3641 4091
3642 4092
3643 4093
3644 4094
3645 4095
3646 4095
3647 4095
3648 4095
3649 4095
3650 4095
3651 4095
3652 4095
3653 4095
3654 4095
3655 4095
3656 4095
3657 4095
3658 4095
3659 4095
3660 4095
3661 4095
3662 4095
3664 4095
3665 4095
3666 4095
3667 4095
3668 4095
3669 4095
3670 4095
3671 4095
3672 4095
3673 4095
3674 4095
3675 4095
3676 4095
3677 4095
3678 4095
3679 4095
3680 4095
3681 4095
3682 4095
3683 4095
3684 4095
3685 4095
3686 4095
3687 4095
3688 4095
3689 4095
3690 4095
3691 4095
3692 4095
3693 4095
3694 4095
3695 4095
3696 4095
3697 4095
3698 4095
3699 4095
3700 4095
3701 4095
3702 4095
3703 4095
3704 4095
3705 4095
3706 4095
3708 4095
3709 4095
3710 4095
3711 4095
3712 4095
3713 4095
3714 4095
3715 4095
3716 4095
3717 4095
3718 4095
3719 4095
3720 4095
3721 4095
3722 4095
3723 4095
3724 4095
3725 4095
3726 4095
3727 4095
3728 4095
3729 4095
3730 4095
3731 4095
3732 4095
3733 4095
3734 4095
3735 4095
3736 4095
3737 4095
3738 4095
3739 4095
3740 4095
3741 4095
3742 4095
3743 4095
3744 4095
3745 4095
3746 4095
3747 4095
3748 4095
3749 4095
3751 4095
3752 4095
3753 4095
3754 4095
3755 4095
3756 4095
3757 4095
3758 4095
3759 4095
3760 4095
3761 4095
3762 4095
3763 4095
3764 4095
3765 4095
3766 4095
3767 4095
3768 4095
3769 4095
3770 4095
3771 4095
3772 4095
3773 4095
3774 4095
3775 4095
3776 4095
3777 4095
3778 4095
3779 4095
3780 4095
3781 4095
3782 4095
3783 4095
3784 4095
3785 4095
3786 4095
3787 4095
3788 4095
3789 4095
3790 4095
3791 4095
3792 4095
3794 4095
3795 4095
3796 4095
3797 4095
3798 4095
3799 4095
3800 4095
3801 4095
3802 4095
3803 4095
3804 4095
3805 4095
3806 4095
3807 4095
3808 4095
3809 4095
3810 4095
3811 4095
3812 4095
3813 4095
3814 4095
3815 4095
3816 4095
3817 4095
3818 4095
3819 4095
3820 4095
3821 4095
3822 4095
3823 4095
3824 4095
3825 4095
3826 4095
3827 4095
3828 4095
3829 4095
3830 4095
3831 4095
3832 4095
3833 4095
3834 4095
3835 4095
3837 4095
3838 4095
3839 4095
3840 4095
3841 4095
3842 4095
3843 4095
3844 4095
3845 4095
3846 4095
3847 4095
3848 4095
3849 4095
3850 4095
3851 4095
3852 4095
3853 4095
3854 4095
3855 4095
3856 4095
3857 4095
3858 4095
3859 4095
3860 4095
3861 4095
3862 4095
3863 4095
3864 4095
3865 4095
3866 4095
3867 4095
3868 4095
3869 4095
3870 4095
3871 4095
3872 4095
3873 4095
3874 4095
3875 4095
3876 4095
3877 4095
3878 4095
3880 4095
3881 4095
3882 4095
3883 4095
3884 4095
3885 4095
3886 4095
3887 4095
3888 4095
3889 4095
3890 4095
3891 4095
3892 4095
3893 4095
3894 4095
3895 4095
3896 4095
3897 4095
3898 4095
3899 4095
3900 4095
3901 4095
3902 4095
3903 4095
3904 4095
3905 4095
3906 4095
3907 4095
3908 4095
3909 4095
3910 4095
3911 4095
3912 4095
3913 4095
3914 4095
3915 4095
3916 4095
3917 4095
3918 4095
3919 4095
3920 4095
3921 4095
3923 4095
3924 4095
3925 4095
3926 4095
3927 4095
3928 4095
3929 4095
3930 4095
3931 4095
3932 4095
3933 4095
3934 4095
3935 4095
3936 4095
3937 4095
3938 4095
3939 4095
3940 4095
3941 4095
3942 4095
3943 4095
3944 4095
3945 4095
3946 4095
3947 4095
3948 4095
3949 4095
3950 4095
3951 4095
3952 4095
3953 4095
3954 4095
3955 4095
3956 4095
3957 4095
3958 4095
3959 4095
3960 4095
3961 4095
3962 4095
3963 4095
3964 4095
3966 4095
3967 4095
3968 4095
3969 4095
3970 4095
3971 4095
3972 4095
3973 4095
3974 4095
3975 4095
3976 4095
3977 4095
3978 4095
3979 4095
3980 4095
3981 4095
3982 4095
3983 4095
3984 4095
3985 4095
3986 4095
3987 4095
3988 4095
3989 4095
3990 4095
3991 4095
3992 4095
3993 4095
3994 4095
3995 4095
3996 4095
3997 4095
3998 4095
3999 4095
4000 4095
4001 4095
4002 4095
4003 4095
4004 4095
4005 4095
4006 4095
4007 4095
4009 4095
4010 4095
4011 4095
4012 4095
